0 8760 1 22 1000000.3934 1000003.8334 3.4400 3.4320 1.0023 6/6//6 0/0/0 0.0080 
1 52560 83 103 1000000.4959 1000016.7720 16.2761 12.4320 1.3092 36/36//36 0/0/0 3.8441 
6 29200 21 62 1000022.6130 1000033.5720 10.9591 7.6320 1.4359 20/20//20 0/0/0 3.3271 
3 55480 57 35 1000018.6195 1000035.3720 16.7525 13.0320 1.2855 38/38//38 0/0/0 3.7205 
4 49640 26 51 1000020.7946 1000035.9720 15.1774 11.8320 1.2827 34/34//34 0/0/0 3.3454 
7 18980 22 98 1000030.5757 1000036.1158 5.5400 5.5320 1.0014 13/13//13 0/0/0 0.0080 
8 20440 52 99 1000034.1554 1000039.9954 5.8400 5.8320 1.0014 14/14//14 0/0/0 0.0080 
9 23360 22 80 1000035.9869 1000042.4269 6.4400 6.4320 1.0012 16/16//16 0/0/0 0.0080 
13 14600 95 133 1000038.3837 1000043.0237 4.6400 4.6320 1.0017 10/10//10 0/0/0 0.0080 
12 21900 107 58 1000037.4072 1000043.5472 6.1400 6.1320 1.0013 15/15//15 0/0/0 0.0080 
10 36500 137 37 1000036.4966 1000050.0520 13.5554 9.1320 1.4844 25/25//25 0/0/0 3.8554 
16 14600 95 51 1000051.0989 1000055.7389 4.6400 4.6320 1.0017 10/10//10 0/0/0 0.0080 
17 21900 78 121 1000051.3082 1000057.4482 6.1400 6.1320 1.0013 15/15//15 0/0/0 0.0080 
5 178120 18 123 1000021.3150 1000065.3720 44.0570 38.2320 1.1524 122/122//122 0/0/0 3.7250 
19 33580 32 52 1000059.1998 1000071.3720 12.1723 8.5320 1.4267 23/23//23 0/0/0 3.6402 
21 24820 0 29 1000065.8388 1000075.8720 10.0332 6.7320 1.4904 17/17//17 0/0/0 3.3012 
23 29200 107 71 1000069.4319 1000080.3720 10.9401 7.6320 1.4335 20/20//20 0/0/0 3.3081 
29 68620 113 130 1000076.5768 1000095.7109 19.1341 15.7320 1.2163 47/47//47 0/0/0 3.3632 
34 24820 78 73 1000094.5624 1000103.4600 8.8976 5.9240 1.5020 17/17//17 0/0/0 2.9736 
28 141620 139 103 1000074.8551 1000111.0849 36.2298 30.7320 1.1789 97/97//97 0/0/0 3.2849 
38 32120 87 4 1000105.9375 1000117.4680 11.5306 8.2320 1.4007 22/22//22 0/0/0 3.2985 
31 40880 25 137 1000090.3054 1000122.4400 32.1346 10.0320 3.2032 28/28//28 0/0/0 22.0346 
49 14600 18 86 1000130.1818 1000134.8218 4.6400 4.6320 1.0017 10/10//10 0/0/0 0.0080 
30 229220 66 108 1000080.5507 1000136.1616 55.6109 48.7320 1.1412 157/157//157 0/0/0 4.1181 
51 8760 1 26 1000134.8167 1000138.2567 3.4400 3.4320 1.0023 6/6//6 0/0/0 0.0080 
54 8760 28 68 1000143.6573 1000147.0973 3.4400 3.4320 1.0023 6/6//6 0/0/0 0.0080 
41 87600 50 83 1000110.8106 1000149.7244 38.9137 19.6320 1.9822 60/60//60 0/0/0 16.4889 
35 232140 42 15 1000097.2602 1000151.0511 53.7909 49.3320 1.0904 159/159//159 0/0/0 2.9758 
55 21900 72 17 1000147.1195 1000153.2595 6.1400 6.1320 1.0013 15/15//15 0/0/0 0.0080 
58 17520 105 66 1000153.8938 1000159.3354 5.4416 5.2320 1.0401 12/12//12 0/0/0 0.0080 
44 71540 83 80 1000118.0680 1000160.9604 42.8924 15.5240 2.7630 49/49//49 0/0/0 27.3284 
59 36500 41 136 1000154.4826 1000168.0048 13.5222 9.1320 1.4808 25/25//25 0/0/0 4.0565 
63 8760 84 82 1000166.9662 1000169.5982 2.6320 2.6240 1.0031 6/6//6 0/0/0 0.0080 
66 8760 39 87 1000173.1088 1000176.5488 3.4400 3.4320 1.0023 6/6//6 0/0/0 0.0080 
20 477420 43 46 1000063.5366 1000176.7374 113.2008 98.9240 1.1443 327/327//327 0/0/0 2.5074 
64 24820 85 15 1000167.1670 1000177.2120 10.0450 6.7320 1.4921 17/17//17 0/0/0 3.2690 
62 74460 52 45 1000160.2661 1000180.7244 20.4583 16.9320 1.2083 51/51//51 0/0/0 3.3819 
57 45260 91 75 1000151.1347 1000182.1490 31.0143 10.9320 2.8370 31/31//31 0/0/0 19.7583 
65 70080 102 86 1000167.9155 1000187.7800 19.8646 16.0320 1.2391 48/48//48 0/0/0 3.8245 
67 48180 122 10 1000176.2450 1000192.1412 15.8962 11.5320 1.3784 33/33//33 0/0/0 3.5652 
50 189800 66 143 1000132.4850 1000193.8642 61.3792 40.6320 1.5106 130/130//130 0/0/0 15.8550 
71 8760 91 30 1000195.3856 1000198.8256 3.4400 3.4320 1.0023 6/6//6 0/0/0 0.0080 
60 223380 24 50 1000156.1305 1000214.5043 58.3738 47.5320 1.2281 154/153//153 0/0/0 7.8883 
78 8760 44 5 1000214.0441 1000217.4841 3.4400 3.4320 1.0023 6/6//6 0/0/0 0.0080 
68 45260 11 124 1000180.6167 1000220.2460 39.6293 10.9320 3.6251 31/31//31 0/0/0 28.2504 
80 8760 16 35 1000218.1087 1000221.5914 3.4827 3.4320 1.0148 6/6//6 0/0/0 0.0080 
81 13140 138 90 1000219.4091 1000223.7491 4.3400 4.3320 1.0018 9/9//9 0/0/0 0.0080 
75 90520 105 59 1000204.3683 1000228.4589 24.0906 20.2320 1.1907 62/62//62 0/0/0 3.3717 
73 36500 98 43 1000200.2528 1000231.2872 31.0343 9.1320 3.3984 25/25//25 0/0/0 21.8872 
25 747520 64 133 1000070.4159 1000242.6060 172.1901 155.2320 1.1092 512/512//512 0/0/0 4.1241 
18 795700 60 36 1000057.1198 1000243.0431 185.9234 165.1320 1.1259 545/545//545 0/0/0 3.9202 
88 21900 124 52 1000252.0201 1000258.6146 6.5945 6.1320 1.0754 15/15//15 0/0/0 0.0718 
93 24820 94 40 1000261.6277 1000272.1811 10.5534 6.7320 1.5676 17/17//17 0/0/0 3.7181 
95 8760 77 100 1000269.0482 1000272.7741 3.7259 3.4320 1.0856 6/6//6 0/0/0 0.0080 
97 8760 95 8 1000271.6367 1000275.0767 3.4400 3.4320 1.0023 6/6//6 0/0/0 0.0080 
105 8760 27 99 1000292.9522 1000296.6941 3.7419 3.4320 1.0903 6/6//6 0/0/0 0.2958 
100 43800 27 40 1000288.3288 1000308.0077 19.6789 10.6320 1.8509 30/30//30 0/0/0 4.0112 
99 70080 3 93 1000288.2508 1000308.4981 20.2473 16.0320 1.2629 48/48//48 0/0/0 4.1423 
52 562100 124 17 1000137.6993 1000312.2871 174.5879 117.1320 1.4905 385/385//385 0/0/0 39.6923 
72 547500 76 118 1000195.4669 1000322.3911 126.9242 114.1320 1.1121 375/375//375 0/0/0 4.1963 
69 600060 56 54 1000192.0616 1000329.7055 137.6439 124.1240 1.1089 411/411//411 0/0/0 2.7715 
121 8760 85 112 1000327.7756 1000331.3450 3.5694 3.4320 1.0400 6/6//6 0/0/0 0.0080 
85 375220 7 103 1000242.6787 1000331.6766 88.9979 78.7320 1.1304 257/257//257 0/0/0 3.7764 
33 906660 129 130 1000092.1413 1000331.7901 239.6488 187.1240 1.2807 621/621//621 0/0/0 5.6708 
114 40880 65 40 1000317.6513 1000331.8710 14.2196 10.0320 1.4174 28/28//28 0/0/0 3.6928 
119 21900 88 128 1000326.5651 1000332.8420 6.2770 6.1320 1.0236 15/15//15 0/0/0 0.0399 
40 978200 67 29 1000109.2768 1000332.8690 223.5922 202.6320 1.1034 670/670//670 0/0/0 3.9712 
123 10220 86 26 1000329.7909 1000333.5309 3.7400 3.7320 1.0021 7/7//7 0/0/0 0.0080 
111 32120 35 123 1000313.1445 1000334.5650 21.4205 8.2320 2.6021 22/22//22 0/0/0 12.8474 
116 27740 127 121 1000323.2488 1000336.2600 13.0113 6.5240 1.9944 19/19//19 0/0/0 6.4872 
118 43800 116 129 1000323.9756 1000341.0357 17.0601 10.6320 1.6046 30/30//30 0/0/0 6.3944 
117 61320 87 37 1000323.6614 1000342.2238 18.5624 14.2320 1.3043 42/42//42 0/0/0 3.7943 
127 8760 61 10 1000338.9848 1000342.4648 3.4800 3.4320 1.0140 6/6//6 0/0/0 0.0080 
108 52560 76 104 1000302.6280 1000342.7676 40.1396 12.4320 3.2287 36/36//36 0/0/0 27.5670 
86 35040 55 100 1000248.1289 1000344.0306 95.9017 8.8320 10.8584 24/24//24 0/0/0 86.6257 
128 8760 36 58 1000340.5555 1000344.5690 4.0135 3.4320 1.1694 6/6//6 0/0/0 0.2531 
112 125560 77 138 1000316.0778 1000349.8882 33.8104 27.4320 1.2325 86/86//86 0/0/0 4.1622 
131 21900 35 20 1000344.9636 1000351.1222 6.1586 6.1320 1.0043 15/15//15 0/0/0 0.0080 
125 43800 53 108 1000337.6619 1000352.7320 15.0701 10.6320 1.4174 30/30//30 0/0/0 4.3497 
132 20440 77 51 1000354.2883 1000360.2780 5.9897 5.8320 1.0270 14/14//14 0/0/0 0.0836 
137 8760 41 80 1000367.3830 1000371.4544 4.0714 3.4320 1.1863 6/6//6 0/0/0 0.2732 
145 24820 66 64 1000386.2086 1000395.5519 9.3433 5.9240 1.5772 17/17//17 0/0/0 3.1178 
146 24820 97 52 1000388.2846 1000399.0854 10.8008 6.7320 1.6044 17/17//17 0/0/0 4.0223 
149 8760 10 18 1000397.2939 1000400.8910 3.5970 3.4320 1.0481 6/6//6 0/0/0 0.1085 
148 20440 20 107 1000396.0824 1000401.9224 5.8400 5.8320 1.0014 14/14//14 0/0/0 0.0080 
139 124100 45 9 1000372.6985 1000406.9740 34.2754 27.1320 1.2633 85/85//85 0/0/0 2.9375 
70 454060 39 130 1000192.5607 1000409.1969 216.6362 94.9320 2.2820 311/311//311 0/0/0 35.8793 
153 13140 115 98 1000406.9905 1000411.4450 4.4544 4.3320 1.0283 9/9//9 0/0/0 0.0080 
154 8760 141 102 1000409.3438 1000413.1279 3.7841 3.4320 1.1026 6/6//6 0/0/0 0.1201 
133 42340 50 82 1000355.9519 1000422.8268 66.8749 10.3320 6.4726 30/29//29 0/0/0 55.8349 
159 8760 30 10 1000420.8160 1000424.2960 3.4800 3.4320 1.0140 6/6//6 0/0/0 0.0080 
160 8760 23 110 1000422.1097 1000425.5870 3.4774 3.4320 1.0132 6/6//6 0/0/0 0.0080 
161 8760 10 27 1000423.0004 1000426.6270 3.6267 3.4320 1.0567 6/6//6 0/0/0 0.1756 
164 8760 29 18 1000425.8849 1000428.5569 2.6720 2.6240 1.0183 6/6//6 0/0/0 0.0080 
157 42340 39 25 1000417.3504 1000431.5130 14.1626 10.3320 1.3708 29/29//29 0/0/0 3.7171 
165 8760 74 36 1000431.5359 1000435.5920 4.0561 3.4320 1.1818 6/6//6 0/0/0 0.0080 
122 419020 28 41 1000329.1366 1000437.6150 108.4784 87.7320 1.2365 287/287//287 0/0/0 14.0206 
39 1236620 110 50 1000107.1636 1000442.2770 335.1134 255.7320 1.3104 847/847//847 0/0/0 4.5719 
172 8760 18 7 1000444.0740 1000447.7890 3.7149 3.4320 1.0824 6/6//6 0/0/0 0.2829 
174 8760 99 54 1000445.0476 1000448.5828 3.5352 3.4320 1.0301 6/6//6 0/0/0 0.0080 
169 33580 119 123 1000436.4993 1000448.7990 12.2996 7.7240 1.5924 23/23//23 0/0/0 4.3156 
124 351860 19 82 1000336.8572 1000452.7504 115.8931 73.9320 1.5676 241/241//241 0/0/0 22.4106 
170 59860 63 20 1000436.7203 1000455.0617 18.3414 13.9320 1.3165 41/41//41 0/0/0 4.2215 
168 68620 108 24 1000435.7491 1000456.2148 20.4657 15.7320 1.3009 47/47//47 0/0/0 4.3125 
2 1274580 128 137 1000004.7474 1000462.7956 458.0482 262.7240 1.7435 873/873//873 0/0/0 2.7886 
180 10220 79 58 1000460.2409 1000464.0239 3.7830 3.7320 1.0137 7/7//7 0/0/0 0.0080 
177 61320 110 39 1000449.3263 1000467.8287 18.5024 14.2320 1.3001 42/42//42 0/0/0 4.1143 
167 110960 37 75 1000435.2187 1000470.9589 35.7402 24.4320 1.4628 77/76//76 0/0/0 10.4802 
190 13140 117 106 1000480.4367 1000484.8443 4.4076 4.3320 1.0174 9/9//9 0/0/0 0.0080 
186 26280 102 16 1000476.4026 1000487.5200 11.1174 7.0320 1.5810 18/18//18 0/0/0 4.0854 
187 24820 1 47 1000477.3591 1000488.1688 10.8097 6.7320 1.6057 17/17//17 0/0/0 3.9889 
142 458440 87 45 1000376.2848 1000488.3558 112.0710 95.8320 1.1695 314/314//314 0/0/0 3.6132 
22 26280 50 123 1000066.9821 1000488.5499 421.5678 7.0320 59.9499 18/18//18 0/0/0 411.5158 
109 32120 110 20 1000306.2971 1000489.6408 183.3437 8.2320 22.2721 22/22//22 0/0/0 175.1030 
192 16060 96 115 1000486.2216 1000491.2158 4.9941 4.9320 1.0126 11/11//11 0/0/0 0.0530 
53 1499420 54 121 1000143.3452 1000495.7630 352.4178 309.7320 1.1378 1027/1027//1027 0/0/0 4.1029 
195 8760 25 53 1000497.8065 1000501.2789 3.4724 3.4320 1.0118 6/6//6 0/0/0 0.0080 
84 1165080 82 87 1000239.0844 1000508.1600 269.0756 240.2240 1.1201 798/798//798 0/0/0 3.3596 
194 56940 103 44 1000494.2786 1000512.7720 18.4934 13.3320 1.3871 39/39//39 0/0/0 4.4894 
181 52560 54 86 1000461.7723 1000513.6770 51.9047 12.4320 4.1751 36/36//36 0/0/0 39.3677 
103 985500 90 72 1000290.9087 1000516.4301 225.5213 204.1320 1.1048 675/675//675 0/0/0 4.1744 
74 1357800 123 65 1000201.2972 1000516.6559 315.3588 280.6320 1.1237 930/930//930 0/0/0 3.7662 
196 27740 19 53 1000506.8274 1000517.6178 10.7904 7.3320 1.4717 19/19//19 0/0/0 3.3816 
188 148920 65 8 1000478.5550 1000518.2781 39.7231 32.2320 1.2324 102/102//102 0/0/0 3.3392 
199 8760 89 44 1000520.6890 1000524.6511 3.9621 3.4320 1.1545 6/6//6 0/0/0 0.0160 
120 862860 71 21 1000327.7282 1000524.8568 197.1286 178.9320 1.1017 591/591//591 0/0/0 3.3118 
113 884760 141 139 1000316.1566 1000525.1251 208.9685 182.6240 1.1443 606/606//606 0/0/0 2.9433 
175 49640 98 10 1000446.1129 1000533.9631 87.8502 11.8320 7.4248 34/34//34 0/0/0 75.4941 
204 29200 34 27 1000536.2285 1000547.7770 11.5485 7.6320 1.5132 20/20//20 0/0/0 3.6725 
197 143080 115 72 1000507.7559 1000551.5360 43.7801 31.0320 1.4108 98/98//98 0/0/0 10.5322 
201 42340 81 132 1000525.0598 1000554.0797 29.0199 10.3320 2.8087 29/29//29 0/0/0 18.4487 
200 27740 74 140 1000524.9495 1000558.7611 33.8115 7.3320 4.6115 19/19//19 0/0/0 26.0955 
171 26280 32 94 1000439.4726 1000559.0757 119.6031 7.0320 17.0084 18/18//18 0/0/0 112.4330 
215 14600 114 101 1000567.9884 1000573.3309 5.3425 4.6320 1.1534 10/10//10 0/0/0 0.0857 
185 400040 96 116 1000470.7569 1000577.6980 106.9411 83.8320 1.2757 274/274//274 0/0/0 3.4577 
218 14600 129 88 1000572.9650 1000578.1117 5.1467 4.6320 1.1111 10/10//10 0/0/0 0.0080 
212 51100 54 131 1000564.1234 1000580.1350 16.0116 12.1320 1.3198 35/35//35 0/0/0 3.6743 
219 24820 130 7 1000573.4590 1000583.3120 9.8530 6.7320 1.4636 17/17//17 0/0/0 2.8930 
214 73000 133 134 1000565.7078 1000584.0997 18.3919 15.8240 1.1623 50/50//50 0/0/0 2.5503 
217 45260 50 0 1000571.1128 1000585.4470 14.3342 10.9320 1.3112 31/31//31 0/0/0 2.7921 
138 919800 100 105 1000372.3571 1000585.7769 213.4198 189.8240 1.1243 630/630//630 0/0/0 3.6109 
216 77380 57 97 1000568.4128 1000590.0511 21.6383 17.5320 1.2342 53/53//53 0/0/0 3.9748 
226 8760 31 123 1000587.3691 1000591.8045 4.4354 3.4320 1.2924 6/6//6 0/0/0 0.2482 
227 8760 41 2 1000588.5519 1000592.4171 3.8652 3.4320 1.1262 6/6//6 0/0/0 0.2013 
225 20440 58 48 1000587.2447 1000592.5068 5.2621 5.0240 1.0474 14/14//14 0/0/0 0.0080 
228 8760 109 139 1000590.2551 1000594.2280 3.9730 3.4320 1.1576 6/6//6 0/0/0 0.1397 
182 420480 110 45 1000464.3039 1000596.6037 132.2998 88.0320 1.5029 288/288//288 0/0/0 37.7521 
144 909580 40 88 1000384.5506 1000597.0476 212.4970 188.5320 1.1271 624/623//623 0/0/0 4.4103 
232 8760 39 124 1000599.1215 1000603.2315 4.1101 3.4320 1.1976 6/6//6 0/0/0 0.0080 
234 8760 138 61 1000602.9245 1000606.6805 3.7560 3.4320 1.0944 6/6//6 0/0/0 0.0080 
231 56940 72 0 1000597.1328 1000613.3457 16.2129 13.3320 1.2161 39/39//39 0/0/0 2.6189 
198 89060 100 69 1000517.1459 1000613.6026 96.4567 19.9320 4.8393 61/61//61 0/0/0 75.8390 
237 8760 99 50 1000612.4792 1000616.1385 3.6594 3.4320 1.0662 6/6//6 0/0/0 0.0080 
61 2022100 44 33 1000159.4156 1000617.9600 458.5444 416.3240 1.1014 1385/1385//1385 0/0/0 2.9204 
238 18980 95 74 1000615.0579 1000621.0718 6.0138 5.5320 1.0871 13/13//13 0/0/0 0.0080 
129 1216180 112 48 1000341.6781 1000621.9487 280.2706 251.5320 1.1143 833/833//833 0/0/0 3.7619 
222 70080 83 35 1000579.4715 1000623.5241 44.0527 16.0320 2.7478 48/48//48 0/0/0 27.8776 
233 39420 54 74 1000600.8554 1000626.1378 25.2824 9.7320 2.5979 27/27//27 0/0/0 11.4592 
224 188340 131 51 1000580.5528 1000626.6838 46.1310 40.3320 1.1438 129/129//129 0/0/0 3.4558 
173 52560 55 110 1000444.1833 1000629.2796 185.0963 12.4320 14.8887 36/36//36 0/0/0 172.3914 
96 54020 75 5 1000270.4966 1000637.0795 366.5829 12.7320 28.7922 37/37//37 0/0/0 351.1150 
242 45260 100 33 1000628.4580 1000643.9886 15.5306 10.9320 1.4207 31/31//31 0/0/0 4.0820 
245 8760 9 13 1000643.2849 1000646.2249 2.9400 2.6240 1.1204 6/6//6 0/0/0 0.0080 
229 51100 131 112 1000594.7612 1000646.7629 52.0016 12.1320 4.2863 35/35//35 0/0/0 39.6343 
14 2519960 10 55 1000046.4459 1000647.2856 600.8396 519.4320 1.1567 1726/1726//1726 0/0/0 3.7941 
189 24820 61 91 1000479.4209 1000658.4286 179.0077 6.7320 26.5906 17/17//17 0/0/0 172.0888 
46 2359360 109 113 1000122.7495 1000660.1161 537.3665 486.4320 1.1047 1616/1616//1616 0/0/0 3.9905 
246 36500 9 96 1000646.9028 1000660.1375 13.2348 9.1320 1.4493 25/25//25 0/0/0 3.6373 
178 55480 44 31 1000454.4660 1000664.2186 209.7525 13.0320 16.0952 38/38//38 0/0/0 196.1645 
248 46720 71 29 1000650.3383 1000666.4682 16.1299 11.2320 1.4361 32/32//32 0/0/0 4.7713 
251 21900 99 32 1000661.3190 1000667.7237 6.4047 6.1320 1.0445 15/15//15 0/0/0 0.0080 
92 988420 15 50 1000261.4053 1000668.5017 407.0964 204.7320 1.9884 677/677//677 0/0/0 183.3063 
243 36500 50 49 1000633.0759 1000672.3327 39.2568 8.3240 4.7161 25/25//25 0/0/0 28.5097 
77 1568040 128 59 1000212.0213 1000674.5614 462.5402 323.8320 1.4283 1074/1074//1074 0/0/0 42.5324 
262 8760 45 93 1000673.7187 1000677.2853 3.5666 3.4320 1.0392 6/6//6 0/0/0 0.0080 
255 37960 81 84 1000667.6622 1000679.5039 11.8418 8.6240 1.3731 26/26//26 0/0/0 3.2177 
220 96360 64 100 1000578.2922 1000680.0917 101.7995 21.4320 4.7499 66/66//66 0/0/0 79.7258 
252 37960 126 50 1000665.3974 1000680.3357 14.9383 9.4320 1.5838 26/26//26 0/0/0 5.1108 
98 1667320 41 132 1000276.5558 1000681.7973 405.2415 344.2320 1.1772 1142/1142//1142 0/0/0 4.1960 
267 21900 64 63 1000678.8115 1000685.1997 6.3882 6.1320 1.0418 15/15//15 0/0/0 0.0080 
256 62780 85 103 1000667.8544 1000688.8494 20.9950 14.5320 1.4447 43/43//43 0/0/0 3.6778 
193 813220 26 101 1000490.8585 1000693.9267 203.0682 168.7320 1.2035 557/557//557 0/0/0 12.1305 
210 157680 125 64 1000562.4482 1000699.9561 137.5079 34.0320 4.0405 108/108//108 0/0/0 100.9714 
208 458440 96 123 1000550.9611 1000702.6905 151.7294 95.8320 1.5833 315/314//314 0/0/0 46.0184 
259 39420 92 87 1000671.1335 1000702.8771 31.7436 8.9240 3.5571 27/27//27 0/0/0 22.4259 
273 13140 40 49 1000698.6798 1000703.6411 4.9614 4.3320 1.1453 9/9//9 0/0/0 0.0160 
274 14600 33 66 1000700.2932 1000705.1514 4.8581 4.6320 1.0488 10/10//10 0/0/0 0.0080 
275 13140 18 23 1000701.1151 1000705.1903 4.0752 3.5240 1.1564 9/9//9 0/0/0 0.1983 
207 65700 15 98 1000547.6139 1000705.6023 157.9884 15.1320 10.4407 45/45//45 0/0/0 142.2449 
276 8760 136 12 1000702.3173 1000706.4418 4.1245 3.4320 1.2018 6/6//6 0/0/0 0.2705 
277 8760 24 79 1000707.3051 1000710.8169 3.5117 3.4320 1.0232 6/6//6 0/0/0 0.0080 
280 8760 21 58 1000715.0345 1000718.7324 3.6978 3.4320 1.0774 6/6//6 0/0/0 0.0080 
268 208780 109 106 1000680.4215 1000730.0252 49.6037 43.7240 1.1345 143/143//143 0/0/0 3.1148 
183 981120 64 29 1000468.7516 1000730.4558 261.7042 203.2320 1.2877 672/672//672 0/0/0 3.5884 
91 29200 75 128 1000260.5876 1000733.7195 473.1319 7.6320 61.9932 20/20//20 0/0/0 465.0857 
283 59860 115 119 1000718.6610 1000734.4554 15.7943 13.1240 1.2035 41/41//41 0/0/0 2.6703 
279 81760 58 100 1000711.6191 1000734.4963 22.8772 18.4320 1.2412 56/56//56 0/0/0 3.8212 
289 8760 132 23 1000732.4954 1000735.9450 3.4496 3.4320 1.0051 6/6//6 0/0/0 0.0080 
83 2099480 88 46 1000230.5440 1000740.1743 509.6303 433.0320 1.1769 1438/1438//1438 0/0/0 23.1920 
263 305140 111 9 1000674.9190 1000745.0807 70.1617 64.3320 1.0906 209/209//209 0/0/0 3.1250 
151 338720 128 133 1000399.7463 1000757.0939 357.3476 70.4240 5.0742 232/232//232 0/0/0 279.3891 
286 157680 137 96 1000728.2304 1000768.8044 40.5740 34.0320 1.1922 108/108//108 0/0/0 4.3086 
236 686200 106 34 1000609.7098 1000770.0878 160.3780 142.6320 1.1244 470/470//470 0/0/0 4.1048 
288 75920 71 18 1000732.3529 1000770.5016 38.1486 17.2320 2.2138 52/52//52 0/0/0 17.6638 
294 80300 60 71 1000750.5760 1000775.7808 25.2048 18.1320 1.3901 55/55//55 0/0/0 3.7004 
302 8760 27 39 1000780.0418 1000783.8324 3.7906 3.4320 1.1045 6/6//6 0/0/0 0.2967 
209 934400 127 37 1000552.1766 1000786.5948 234.4181 193.6320 1.2106 641/640//640 0/0/0 25.0865 
293 61320 71 64 1000748.4772 1000789.2160 40.7388 13.4240 3.0348 42/42//42 0/0/0 26.7668 
179 1394300 62 122 1000459.3909 1000789.7428 330.3518 288.1320 1.1465 955/955//955 0/0/0 17.6474 
298 105120 20 125 1000763.9191 1000791.5741 27.6551 23.2320 1.1904 73/72//72 0/0/0 3.8737 
301 40880 15 49 1000766.7166 1000792.8999 26.1833 10.0320 2.6100 28/28//28 0/0/0 15.6894 
305 23360 97 126 1000786.6987 1000793.6298 6.9311 6.4320 1.0776 16/16//16 0/0/0 0.0080 
310 8760 62 8 1000800.6749 1000804.1760 3.5010 3.4320 1.0201 6/6//6 0/0/0 0.0080 
272 140160 88 18 1000692.6641 1000805.4423 112.7782 30.4320 3.7059 96/96//96 0/0/0 79.4703 
315 8760 100 9 1000802.4174 1000805.9209 3.5035 3.4320 1.0208 6/6//6 0/0/0 0.0080 
316 8760 114 106 1000803.0896 1000807.0063 3.9168 3.4320 1.1412 6/6//6 0/0/0 0.1503 
300 159140 76 62 1000766.2333 1000807.1555 40.9222 34.3320 1.1920 109/109//109 0/0/0 4.1445 
303 27740 22 114 1000784.3065 1000815.0280 30.7215 7.3320 4.1901 19/19//19 0/0/0 22.8730 
223 71540 36 85 1000579.7393 1000816.1731 236.4337 16.3320 14.4767 49/49//49 0/0/0 219.4975 
312 55480 115 5 1000801.1525 1000817.2942 16.1417 13.0320 1.2386 38/38//38 0/0/0 2.9514 
253 673060 28 17 1000665.9464 1000819.7412 153.7947 139.1240 1.1055 461/461//461 0/0/0 3.1030 
324 8760 65 29 1000825.1451 1000828.6269 3.4818 3.4320 1.0145 6/6//6 0/0/0 0.0080 
321 55480 127 125 1000813.4826 1000829.7689 16.2863 12.2240 1.3323 38/38//38 0/0/0 3.4903 
184 896440 10 58 1000469.7686 1000832.4667 362.6980 185.8320 1.9518 614/614//614 0/0/0 52.1420 
307 169360 71 138 1000789.5228 1000836.3960 46.8732 36.4320 1.2866 116/116//116 0/0/0 4.5012 
295 235060 137 57 1000752.4781 1000837.7835 85.3054 49.9320 1.7084 161/161//161 0/0/0 27.7337 
326 18980 2 97 1000833.6638 1000839.4570 5.7932 5.5320 1.0472 13/13//13 0/0/0 0.0080 
79 2711220 59 126 1000217.4434 1000841.4238 623.9804 558.7320 1.1168 1857/1857//1857 0/0/0 4.0915 
330 8760 97 73 1000851.1338 1000855.0567 3.9230 3.4320 1.1431 6/6//6 0/0/0 0.0080 
318 45260 59 20 1000805.1883 1000