2.24e-06
0 146000 1 22 1000000.03447519
1 146000 83 103 1000000.04346235
2 146000 128 137 1000000.41608189
3 146000 57 35 1000001.63188904
4 146000 26 51 1000001.82252227
5 146000 18 123 1000001.86813517
6 146000 21 62 1000001.98188933
7 146000 22 98 1000002.67977988
8 146000 52 99 1000002.99351772
9 146000 22 80 1000003.15403645
10 146000 137 37 1000003.19871121
11 146000 108 75 1000003.20569979
12 146000 107 58 1000003.27851454
13 146000 95 133 1000003.3641035
14 146000 10 55 1000004.07070557
15 146000 83 123 1000004.31070288
16 146000 95 51 1000004.4785137
17 146000 78 121 1000004.49685532
18 146000 60 36 1000005.0062047
19 146000 32 52 1000005.18850452
20 146000 43 46 1000005.5685984
21 146000 0 29 1000005.77037573
22 146000 50 123 1000005.87057603
23 146000 107 71 1000006.08528942
24 146000 124 135 1000006.14916587
25 146000 64 133 1000006.17153068
26 146000 129 46 1000006.22609061
27 146000 50 122 1000006.27982859
28 146000 139 103 1000006.56059733
29 146000 113 130 1000006.71149444
30 146000 66 108 1000007.05978861
31 146000 25 137 1000007.91472793
32 146000 55 129 1000008.00789843
33 146000 129 130 1000008.07563162
34 146000 78 73 1000008.28782981
35 146000 42 15 1000008.52426931
36 146000 122 36 1000008.73389403
37 146000 136 124 1000008.8123741
38 146000 87 4 1000009.28478199
39 146000 110 50 1000009.39224726
40 146000 67 29 1000009.57745548
41 146000 50 83 1000009.71188667
42 146000 13 43 1000009.97354909
43 146000 114 75 1000009.97787463
44 146000 83 80 1000010.34795263
45 146000 75 66 1000010.48668906
46 146000 109 113 1000010.75826015
47 146000 139 60 1000010.83167796
48 146000 4 114 1000010.89750262
49 146000 18 86 1000011.40965498
50 146000 66 143 1000011.61151708
51 146000 1 26 1000011.81587438
52 146000 124 17 1000012.0685145
53 146000 54 121 1000012.56334302
54 146000 28 68 1000012.59070051
55 146000 72 17 1000012.89413767
56 146000 63 50 1000012.93472091
57 146000 91 75 1000013.24604787
58 146000 105 66 1000013.48786559
59 146000 41 136 1000013.53947087
60 146000 24 50 1000013.6838977
61 146000 44 33 1000013.97182167
62 146000 52 45 1000014.04636006
63 146000 84 82 1000014.63358515
64 146000 85 15 1000014.65118532
65 146000 102 86 1000014.71678396
66 146000 39 87 1000015.17194509
67 146000 122 10 1000015.44681885
68 146000 11 124 1000015.82997224
69 146000 56 54 1000016.83304204
70 146000 39 130 1000016.87678633
71 146000 91 30 1000017.12437423
72 146000 76 118 1000017.13150124
73 146000 98 43 1000017.55095637
74 146000 123 65 1000017.6424881
75 146000 105 59 1000017.9116558
76 146000 30 41 1000018.28528852
77 146000 128 59 1000018.58239024
78 146000 44 5 1000018.75968189
79 146000 59 126 1000019.05760931
80 146000 16 35 1000019.11592171
81 146000 138 90 1000019.22988697
82 146000 73 100 1000019.71447935
83 146000 88 46 1000020.20579795
84 146000 82 87 1000020.95431672
85 146000 7 103 1000021.26933115
86 146000 55 100 1000021.74700983
87 146000 17 82 1000021.96745482
88 146000 124 52 1000022.08805262
89 146000 44 43 1000022.36570842
90 146000 31 140 1000022.73545119
91 146000 75 128 1000022.83894321
92 146000 15 50 1000022.91060814
93 146000 94 40 1000022.9301013
94 146000 12 14 1000023.53669942
95 146000 77 100 1000023.5804608
96 146000 75 5 1000023.70740293
97 146000 95 8 1000023.80732946
98 146000 41 132 1000024.23845705
99 146000 3 93 1000025.26345573
2018-12-06.23:12:38 Simulator ended. Execution time: 0 seconds
