0.0001 0.90588035
0.0002 0.93034151
0.0003 0.9372475
0.0004 0.94089502
0.0005 0.94316076
0.0006 0.94437248
0.0007 0.94515164
0.0008 0.94602084
0.0009 0.94699916
0.001 0.947325
0.0011 0.91779545
0.0012 0.8745
0.0013 0.82955769
0.0014 0.78771429
0.0015 0.75115
0.0016 0.7175625
0.0017 0.68819118
0.0018 0.65933333
0.0019 0.63453947
0.002 0.61185
0.0021 0.58996429
0.0022 0.57013636
0.0023 0.55320652
0.0024 0.5356875
0.0025 0.52044
0.0026 0.50601923
0.0027 0.49275
0.0028 0.48
0.0029 0.46805172
0.003 0.4567
0.0031 0.44639516
0.0032 0.43621875
0.0033 0.42736364
0.0034 0.41805882
0.0035 0.41005714
0.0036 0.40189583
0.0037 0.39401351
0.0038 0.38709868
0.0039 0.37978846
0.004 0.3732375
0.0041 0.36706098
0.0042 0.36103571
0.0043 0.35520349
0.0044 0.34972159
0.0045 0.34445
0.0046 0.3393587
0.0047 0.3342766
0.0048 0.3295
0.0049 0.32507063
0.005 0.32073
0.0051 0.31651471
0.0052 0.3125625
0.0053 0.30841981
0.0054 0.30469444
0.0055 0.30100909
0.0056 0.29752232
0.0057 0.29389474
0.0058 0.29066379
0.0059 0.28740239
0.006 0.284225
0.0061 0.28116393
0.0062 0.2782621
0.0063 0.27544048
0.0064 0.27253125
0.0065 0.26994231
0.0066 0.26727273
0.0067 0.26462687
0.0068 0.26224632
0.0069 0.25972618
0.007 0.25742143
0.0071 0.25505282
0.0072 0.2526875
0.0073 0.25065411
0.0074 0.24849324
0.0075 0.24638
0.0076 0.24435197
0.0077 0.24238636
0.0078 0.24046154
0.0079 0.23850949
0.008 0.2365875
0.0081 0.23486111
0.0082 0.23308537
0.0083 0.23128012
0.0084 0.2296875
0.0085 0.22793824
0.0086 0.22641279
0.0087 0.22476724
0.0088 0.22321875
0.0089 0.22164607
0.009 0.220225
0.0091 0.21871154
0.0092 0.21727174
0.0093 0.2158546
0.0094 0.21447606
0.0095 0.21321316
0.0096 0.21177344
0.0097 0.21044845
0.0098 0.20918105
0.0099 0.20796212
0.01 0.206715
0.0101 0.20546287
0.0102 0.20428676
0.0103 0.20309709
0.0104 0.20196635
0.0105 0.20087143
0.0106 0.19976179
0.0107 0.19860981
0.0108 0.19754167
0.0109 0.19655505
0.011 0.19545682
0.0111 0.19441216
0.0112 0.19341295
0.0113 0.19243125
0.0114 0.19151316
0.0115 0.1905587
0.0116 0.18960129
0.0117 0.18860256
0.0118 0.18771503
0.0119 0.18684454
0.012 0.18595625
0.0121 0.18503306
0.0122 0.18420492
0.0123 0.18333537
0.0124 0.18251613
0.0125 0.181722
0.0126 0.18089881
0.0127 0.18007677
0.0128 0.1792793
0.0129 0.17852907
0.013 0.17778462
0.0131 0.1769771
0.0132 0.17622727
0.0133 0.17547617
0.0134 0.1747444
0.0135 0.17404444
0.0136 0.17336581
0.0137 0.17265876
0.0138 0.17194537
0.0139 0.17126968
0.014 0.17063036
0.0141 0.16995745
0.0142 0.16929401
0.0143 0.16860315
0.0144 0.168
0.0145 0.16733276
0.0146 0.16674658
0.0147 0.16616837
0.0148 0.16555236
0.0149 0.16491443
0.015 0.16428
0.0151 0.16375331
0.0152 0.16317434
0.0153 0.16260281
0.0154 0.16201948
0.0155 0.16142419
0.0156 0.16090385
0.0157 0.16030414
0.0158 0.1598307
0.0159 0.15931604
0.016 0.15877969
0.0161 0.15823602
0.0162 0.15768519
0.0163 0.15720544
0.0164 0.15670884
0.0165 0.15621818
0.0166 0.15571988
0.0167 0.15518263
0.0168 0.15473661
0.0169 0.15424252
0.017 0.15376765
0.0171 0.15333772
0.0172 0.15284738
0.0173 0.15238873
0.0174 0.15191379
0.0175 0.15145286
0.0176 0.15105682
0.0177 0.15058898
0.0178 0.15015169
0.0179 0.14971927
0.018 0.1492625
0.0181 0.14886878
0.0182 0.14842582
0.0183 0.14802869
0.0184 0.1476481
0.0185 0.14720676
0.0186 0.14681439
0.0187 0.14640241
0.0188 0.14599468
0.0189 0.14561905
0.019 0.14523947
0.0191 0.14485988
0.0192 0.14447266
0.0193 0.1440544
0.0194 0.14372552
0.0195 0.14333462
0.0196 0.14292822
0.0197 0.14262563
0.0198 0.14226894
0.0199 0.14190075
0.02 0.14153625
0.0201 0.14117164
0.0202 0.14081807
0.0203 0.1405049
0.0204 0.14014338
0.0205 0.13980732
0.0206 0.13947451
0.0207 0.1391087
0.0208 0.1388113
0.0209 0.1384701
0.021 0.13812143
0.0211 0.13783649
0.0212 0.13752594
0.0213 0.13720775
0.0214 0.13688201
0.0215 0.1365593
0.0216 0.13623958
0.0217 0.13596774
0.0218 0.13565711
0.0219 0.13534247
0.022 0.13505114
0.0221 0.13472172
0.0222 0.13443919
0.0223 0.13417601
0.0224 0.13385491
0.0225 0.13357333
0.0226 0.13332351
0.0227 0.13301762
0.0228 0.13274671
0.0229 0.13247489
0.023 0.13215652
0.0231 0.13190581
0.0232 0.13165086
0.0233 0.13136588
0.0234 0.13109615
0.0235 0.1308383
0.0236 0.13053812
0.0237 0.13030696
0.0238 0.13005882
0.0239 0.12976255
0.024 0.12951562
0.0241 0.12930187
0.0242 0.12902169
0.0243 0.12877774
0.0244 0.12852357
0.0245 0.12825918
0.0246 0.1280122
0.0247 0.12779453
0.0248 0.12753931
0.0249 0.12731024
0.025 0.127065
0.0251 0.12681574
0.0252 0.1265744
0.0253 0.12637352
0.0254 0.12612106
0.0255 0.12587353
0.0256 0.12565723
0.0257 0.1254572
0.0258 0.12521221
0.0259 0.12500386
0.026 0.12477404
0.0261 0.12454023
0.0262 0.12431679
0.0263 0.12412357
0.0264 0.1238892
0.0265 0.12368491
0.0266 0.12345958
0.0267 0.12323876
0.0268 0.12302799
0.0269 0.12284108
0.027 0.12262222
0.0271 0.12239665
0.0272 0.12220313
0.0273 0.12202473
0.0274 0.12180109
0.0275 0.12160364
0.0276 0.12141294
0.0277 0.12118863
0.0278 0.12099007
0.0279 0.12081452
0.028 0.12061875
0.0281 0.12042438
0.0282 0.12023138
0.0283 0.12003697
0.0284 0.1198257
0.0285 0.11965526
0.0286 0.11947815
0.0287 0.11927613
0.0288 0.11909115
0.0289 0.11891782
0.029 0.11874052
0.0291 0.11854897
0.0292 0.11836901
0.0293 0.11818771
0.0294 0.118
0.0295 0.11782119
0.0296 0.11765625
0.0297 0.11747727
0.0298 0.1172995
0.0299 0.11713043
0.03 0.1169525
0.0301 0.11676325
0.0302 0.11660513
0.0303 0.11645297
0.0304 0.11627714
0.0305 0.11609754
0.0306 0.11593624
0.0307 0.11577362
0.0308 0.11560958
0.0309 0.11545146
0.031 0.11529194
0.0311 0.11510208
0.0312 0.11494952
0.0313 0.11480032
0.0314 0.1146449
0.0315 0.11448333
0.0316 0.11432753
0.0317 0.11416562
0.0318 0.11399764
0.0319 0.11384483
0.032 0.11370234
0.0321 0.11354148
0.0322 0.11339208
0.0323 0.11323142
0.0324 0.11309954
0.0325 0.11294538
0.0326 0.11278757
0.0327 0.1126422
0.0328 0.11249771
0.0329 0.11234498
0.033 0.11219773
0.0331 0.11206266
0.0332 0.11191943
0.0333 0.11176351
0.0334 0.11163323
0.0335 0.11148134
0.0336 0.11133259
0.0337 0.11119362
0.0338 0.11106213
0.0339 0.11092478
0.034 0.11078162
0.0341 0.1106393
0.0342 0.11051754
0.0343 0.11036807
0.0344 0.1102391
0.0345 0.11010435
0.0346 0.10996821
0.0347 0.10983069
0.0348 0.10969397
0.0349 0.10956232
0.035 0.10943786
0.0351 0.10930556
0.0352 0.10917614
0.0353 0.10904745
0.0354 0.10891949
0.0355 0.10877535
0.0356 0.10864888
0.0357 0.10853361
0.0358 0.10840852
0.0359 0.10827994
0.036 0.10815
0.0361 0.1080374
0.0362 0.10790677
0.0363 0.10777893
0.0364 0.10765797
0.0365 0.10754178
0.0366 0.10740984
0.0367 0.10728678
0.0368 0.10716848
0.0369 0.10705285
0.037 0.10693378
0.0371 0.10681132
0.0372 0.10669956
0.0373 0.10658043
0.0374 0.10644987
0.0375 0.106334
0.0376 0.10622673
0.0377 0.10611206
0.0378 0.10599603
0.0379 0.10588061
0.038 0.10577171
0.0381 0.10565748
0.0382 0.10553579
0.0383 0.10542689
0.0384 0.10532422
0.0385 0.10520844
0.0386 0.10509326
0.0387 0.10497867
0.0388 0.10488209
0.0389 0.10476478
0.039 0.10465385
0.0391 0.10455307
0.0392 0.10444132
0.0393 0.10433015
0.0394 0.10421574
0.0395 0.1041057
0.0396 0.10401515
0.0397 0.10390428
0.0398 0.10379962
0.0399 0.10369549
0.04 0.1035975
0.0401 0.10349248
0.0402 0.10338433
0.0403 0.10328784
0.0404 0.10318069
0.0405 0.10307778
0.0406 0.10297345
0.0407 0.10287162
0.0408 0.10278309
0.0409 0.10267298
0.041 0.10257622
0.0411 0.10247991
0.0412 0.10238228
0.0413 0.10227966
0.0414 0.1021721
0.0415 0.1020741
0.0416 0.10198558
0.0417 0.10188309
0.0418 0.10179545
0.0419 0.10169391
0.042 0.1016
0.0421 0.10150653
0.0422 0.10140995
0.0423 0.10131028
0.0424 0.1012217
0.0425 0.10113
0.0426 0.10103521
0.0427 0.10093911
0.0428 0.10084521
0.0429 0.10076224
0.043 0.10065872
0.0431 0.10057309
0.0432 0.10048611
0.0433 0.10039088
0.0434 0.10029954
0.0435 0.10020172
0.0436 0.10011468
0.0437 0.10003318
0.0438 0.09994007
0.0439 0.09985592
0.044 0.09976534
0.0441 0.09968197
0.0442 0.09959219
0.0443 0.09950282
0.0444 0.09940878
0.0445 0.09933371
0.0446 0.09924215
0.0447 0.09915425
0.0448 0.09906696
0.0449 0.09898664
0.045 0.09890833
0.0451 0.09881541
0.0452 0.09872953
0.0453 0.09865728
0.0454 0.09856553
0.0455 0.09847912
0.0456 0.09839803
0.0457 0.098314
0.0458 0.09823035
0.0459 0.09815359
0.046 0.09806739
0.0461 0.09798807
0.0462 0.09791394
0.0463 0.09782883
0.0464 0.09775054
0.0465 0.09766452
0.0466 0.0975853
0.0467 0.09751123
0.0468 0.09742468
0.0469 0.09734648
0.047 0.09727181
0.0471 0.09719745
0.0472 0.09711863
0.0473 0.09703224
0.0474 0.09695728
0.0475 0.09688263
0.0476 0.09680357
0.0477 0.09672799
0.0478 0.09665115
0.0479 0.09656994
0.048 0.09649844
0.0481 0.09642565
0.0482 0.09634388
0.0483 0.09627174
0.0484 0.096203
0.0485 0.09612835
0.0486 0.09605392
0.0487 0.09597382
0.0488 0.09590779
0.0489 0.09582975
0.049 0.09575204
0.0491 0.0956838
0.0492 0.09560976
0.0493 0.09553905
0.0494 0.09547318
0.0495 0.09539545
0.0496 0.09532107
0.0497 0.09525151
0.0498 0.09518524
0.0499 0.09511172
