0 1460 32 16 1000000.00057349
1 1090620 5 26 1000000.09598904
2 2920 33 14 1000000.1965547
3 1460 103 110 1000000.42025251
4 2920 24 105 1000001.37069129
5 1460 55 71 1000001.40588722
6 1460 39 51 1000001.85368755
7 1460 29 126 1000002.95603748
8 1460 119 117 1000003.31641781
9 2920 56 38 1000003.76823447
10 1460 115 5 1000004.32593932
11 1460 2 139 1000004.36644887
12 7300 9 14 1000004.63878204
13 4380 131 39 1000004.86481201
14 181040 45 11 1000005.11069999
15 2920 102 42 1000005.6022191
16 4380 14 108 1000006.29776181
17 192720 14 135 1000006.39596356
18 1460 101 6 1000006.80265446
19 1460 142 93 1000006.9333123
20 2920 114 17 1000007.09803423
21 91980 51 80 1000007.34936925
22 5840 20 27 1000007.42554744
23 1460 55 71 1000007.73399989
24 1460 121 37 1000007.77578561
25 1460 58 109 1000007.8000983
26 4380 134 11 1000008.17887102
27 1460 0 70 1000008.25156145
28 1460 19 34 1000008.31766627
29 1460 65 103 1000008.56156801
30 1460 23 105 1000008.72675082
31 1460 59 92 1000008.91104054
32 2920 73 136 1000009.6407352
33 2044000 8 69 1000010.24213092
34 1460 10 118 1000010.37198476
35 7300 137 49 1000010.46112388
36 1460 125 62 1000010.67667999
37 5840 98 118 1000010.89642282
38 995720 117 19 1000010.96664378
39 10220 51 80 1000011.08783862
40 1460 70 9 1000011.09597781
41 1460 127 76 1000011.18009953
42 1460 16 79 1000011.39563584
43 1460 84 12 1000011.57802018
44 1403060 37 26 1000011.64547789
45 1460 106 82 1000012.11349696
46 182500 100 45 1000012.53314297
47 4380 76 85 1000012.91820915
48 1460 58 36 1000013.25538799
49 1460 18 60 1000013.59142639
50 1460 106 82 1000013.81480954
51 1460 12 33 1000014.40088063
52 4380 115 89 1000014.43583246
53 316820 61 139 1000014.60844132
54 1460 65 103 1000015.67234919
55 1460 63 26 1000015.75146191
56 1550520 51 80 1000015.99877054
57 1460 38 97 1000016.27397964
58 1460 82 37 1000016.64196944
59 1460 16 24 1000016.70726782
60 1460 99 105 1000016.73349781
61 1460 142 93 1000017.34738031
62 2920 31 110 1000017.73775343
63 1460 32 16 1000018.1887365
64 8760 135 134 1000018.36830912
65 4380 91 12 1000018.82083013
66 265720 45 11 1000019.35537252
67 1460 4 107 1000019.44080381
68 1460 138 38 1000019.53476283
69 1460 0 55 1000020.0794359
70 2920 126 28 1000020.43865131
71 4380 87 20 1000021.90542581
72 1460 118 12 1000022.13816701
73 2920 85 51 1000022.36329629
74 1460 54 59 1000022.6491686
75 1460 74 107 1000022.80810979
76 1460 8 69 1000022.92476295
77 1460 7 1 1000023.15766097
78 1308160 125 126 1000023.23538754
79 129940 138 114 1000023.69780231
80 2920 118 66 1000023.7273074
81 2920 24 40 1000024.42513251
82 2920 104 76 1000024.56032255
83 1460 139 143 1000025.36809519
84 2920 25 11 1000025.68967825
85 1460 134 11 1000025.86560626
86 8760 38 75 1000025.92413104
87 5840 138 38 1000026.21331305
88 4380 27 58 1000026.25056084
89 1460 39 24 1000026.40156459
90 1460 90 26 1000027.17284824
91 1460 91 12 1000027.2115297
92 1460 50 114 1000027.98441212
93 1652720 72 110 1000028.15172409
94 1460 33 14 1000028.34367634
95 1366560 62 28 1000028.3733442
96 1460 63 102 1000028.77866384
97 2920 87 69 1000029.37061723
98 1460 44 101 1000029.39457832
99 2920 129 109 1000029.46930141
100 59860 85 51 1000029.6510178
101 1460 127 76 1000030.00561394
102 2920 100 120 1000031.04709111
103 8760 108 46 1000031.70093637
104 1460 137 49 1000032.91069491
105 1460 17 123 1000033.53196619
106 1460 91 98 1000033.62080841
107 1460 57 83 1000033.64689426
108 1460 51 52 1000033.78087594
109 274480 19 28 1000033.85099094
110 1460 62 4 1000033.85621732
111 7300 94 120 1000034.69012062
112 1460 99 50 1000034.97461933
113 1460 47 4 1000034.99813344
114 1460 49 94 1000035.20167145
115 1460 115 5 1000035.73769375
116 4380 37 26 1000036.02525354
117 1460 13 142 1000036.02782025
118 1460 106 119 1000036.47103
119 2920 10 29 1000036.63060379
120 1460 39 24 1000036.95407257
121 1460 98 118 1000037.3080783
122 1460 103 137 1000037.44480852
123 1460 16 79 1000037.44779987
124 1460 77 121 1000037.45580359
125 410260 29 83 1000037.53134741
126 43800 119 117 1000037.73172259
127 4380 125 126 1000037.80921845
128 1460 43 78 1000038.2723779
129 8760 41 88 1000038.4678279
130 242360 132 90 1000038.62749314
131 2920000 107 47 1000039.03329781
132 4380 59 92 1000039.29252029
133 118260 51 80 1000039.5217017
134 4380 118 12 1000039.57729771
135 1460 113 125 1000039.70389523
136 1460 15 87 1000039.81359624
137 1460 135 134 1000039.85620607
138 1460 104 58 1000040.12187145
139 2920 110 98 1000040.13790211
140 1460 49 143 1000040.14017035
141 1460 6 90 1000040.1524661
142 1460 38 75 1000041.02367663
143 1460 114 54 1000041.1810389
144 4380 87 69 1000041.44402029
145 1460 50 13 1000041.61879798
146 1460 43 78 1000041.94022422
147 1460 8 69 1000041.94697232
148 46720 129 33 1000042.18432725
149 2717060 120 31 1000042.33157465
150 1460 65 9 1000042.34177765
151 1460 48 111 1000042.38087961
152 214620 21 57 1000042.7008338
153 8760 95 47 1000042.79275645
154 1460 54 59 1000043.76200695
155 1460 81 120 1000044.1328853
156 2208980 137 49 1000044.31307427
157 273020 49 94 1000044.44690221
158 20440 3 60 1000044.53762837
159 1460 105 4 1000044.91910154
160 1460 129 109 1000045.81652517
161 2271760 123 113 1000046.11348028
162 1460 34 60 1000046.48046967
163 1460 140 44 1000046.89925147
164 388360 115 5 1000047.01618901
165 1460 79 138 1000047.12195316
166 1460 141 27 1000047.20036951
167 2920 143 36 1000047.88947571
168 1460 69 20 1000048.04447331
169 1460 112 52 1000048.18032286
170 144540 37 25 1000049.05896674
171 1460 7 1 1000049.14452901
172 4380 60 0 1000049.17833628
173 2070280 51 80 1000049.68438736
174 1460 123 113 1000049.87087559
175 1219100 139 143 1000050.32615602
176 1460 33 14 1000050.68343246
177 297840 103 137 1000051.01653427
178 965060 58 36 1000051.13182268
179 1460 65 103 1000051.61981005
180 2226500 71 74 1000052.11161884
181 1460 89 91 1000052.45833032
182 1460 85 51 1000052.58423329
183 1460 1 10 1000052.68794571
184 1460 102 5 1000052.91391825
185 1460 35 99 1000052.92738109
186 1460 62 4 1000053.11836243
187 4380 129 33 1000053.68773801
188 2920 138 114 1000053.69428447
189 1460 44 28 1000053.96318536
190 2969640 100 120 1000055.08730065
191 1073100 107 1 1000055.20510827
192 1460 113 125 1000055.47107978
193 1460 116 21 1000055.50608202
194 5840 92 90 1000056.13696773
195 1460 36 28 1000056.49786237
196 350400 140 44 1000056.50790638
197 337260 24 105 1000056.63896892
198 2920 5 26 1000057.31695653
199 1071640 81 73 1000057.35243981
200 275940 129 33 1000057.54233195
201 1460 136 125 1000057.72628487
202 118260 58 36 1000057.73235085
203 1460 28 136 1000058.06513849
204 240900 139 143 1000058.0700013
205 1460 30 21 1000058.29689882
206 645320 93 86 1000058.58806054
207 1896540 108 78 1000058.65073961
208 1460 18 60 1000059.08603082
209 1460 2 122 1000059.47222266
210 2920 125 62 1000059.48222463
211 2920 13 89 1000059.62273938
212 1460 33 14 1000059.99322515
213 4380 109 87 1000060.00407394
214 4380 104 76 1000060.03982299
215 4380 126 28 1000060.47126664
216 372300 40 43 1000062.32202558
217 4380 39 24 1000062.68275014
218 1460 61 139 1000062.82438405
219 1460 14 108 1000063.46662471
220 1460 114 17 1000063.55813058
221 1460 109 108 1000063.6683373
222 1460 126 124 1000064.04965412
223 1460 44 101 1000064.58836543
224 1460 47 92 1000064.92645928
225 1460 35 99 1000065.14238804
226 1460 83 66 1000065.15151716
227 1460 50 114 1000065.36922819
228 1460 128 45 1000066.25598185
229 1460 76 121 1000066.61510087
230 178120 2 122 1000067.16317222
231 1460 105 56 1000067.24409677
232 1460 117 108 1000068.08128248
233 1460 61 60 1000068.56219967
234 316820 7 1 1000068.69078254
235 1460 132 88 1000068.91195112
236 1460 31 37 1000068.99452266
237 1460 65 103 1000069.22180963
238 2920 141 27 1000069.5483946
239 1460 78 106 1000069.7136566
240 4380 11 81 1000069.71635998
241 2673260 110 98 1000069.80288232
242 1460 110 83 1000070.81043339
243 1460 45 74 1000071.04846446
244 7300 75 100 1000071.4077395
245 1460 112 56 1000071.87825088
246 1460 129 109 1000072.07464373
247 1460 30 21 1000072.08078002
248 1460 78 106 1000072.26369479
249 1460 57 83 1000072.41519006
250 1460 18 132 1000073.32410422
251 1460 38 75 1000073.68942737
252 1460 56 133 1000073.94786823
253 1460 61 60 1000073.96387038
254 1460 88 134 1000074.45786757
255 10220 135 129 1000074.90397675
256 1460 15 87 1000075.05344058
257 1074560 113 125 1000075.26230703
258 1460 71 74 1000076.07754858
259 1460 0 70 1000076.08399277
260 1460 119 117 1000076.09200945
261 2920 76 121 1000076.30603382
262 4380 56 38 1000076.32872009
263 10220 129 109 1000076.567129
264 5840 4 107 1000076.56823135
265 2920 10 118 1000076.6014004
266 1460 21 57 1000076.69798856
267 236520 87 20 1000076.96871352
268 1460 127 76 1000077.01109147
269 1460 19 28 1000078.29586427
270 1460 1 10 1000078.50770106
271 2578360 57 83 1000079.45612005
272 4380 111 27 1000080.24050476
273 1460 63 102 1000080.34053628
274 1460 47 4 1000080.61875485
275 1460 141 27 1000081.36498058
276 1460 93 115 1000081.57891394
277 1460 56 38 1000081.88154673
278 2920 102 5 1000081.99232636
279 1460 118 66 1000082.72512205
280 2920 76 85 1000082.86632048
281 1460 66 35 1000083.01105716
282 256960 133 39 1000083.14260266
283 2698080 61 139 1000084.05171881
284 1460 75 100 1000084.42776677
285 1460 29 126 1000084.47346305
286 1460 1 10 1000084.72115362
287 1460 24 40 1000085.82932916
288 2795900 47 92 1000087.33901155
289 8760 16 24 1000087.41369687
290 2920 122 62 1000087.83819679
291 1460 36 28 1000088.55766447
292 1460 111 27 1000088.95147757
293 1460 25 129 1000089.01418174
294 1460 81 120 1000089.64037191
295 1460 127 76 1000089.70890127
296 115340 110 98 1000089.85262132
297 1460 80 40 1000090.66177736
298 1460 53 78 1000090.73968164
299 1436640 35 13 1000091.35992982
300 1460 83 66 1000091.3921395
301 1070180 39 24 1000091.49550261
302 1460 61 60 1000091.76429371
303 1460 19 28 1000092.30675417
304 1460 81 73 1000092.32173413
305 1460 15 74 1000092.62248795
306 579620 90 26 1000092.68734125
307 1460 112 52 1000093.47686978
308 2920 17 48 1000093.55669674
309 1460 78 106 1000093.60818014
310 1460 138 114 1000093.81122287
311 1460 85 51 1000094.15185013
312 2920 105 56 1000094.16821437
313 1460 107 47 1000094.64379855
314 1460 49 143 1000094.91845251
315 1460 46 80 1000094.94673328
316 1460 18 132 1000095.0154105
317 1460 84 53 1000095.12586715
318 1460 124 63 1000095.23206245
319 1460 97 84 1000095.87959544
320 7300 66 20 1000097.56336034
321 1460 15 87 1000097.6874099
322 1460 18 132 1000097.80519884
323 1460 116 126 1000097.93762391
324 1460 21 57 1000098.34984712
325 1460 119 54 1000098.39970563
326 1460 68 5 1000098.52343794
327 1460 82 37 1000098.53513516
328 8760 42 45 1000099.22846046
329 1460 111 27 1000099.30465631
330 1460 137 142 1000099.54400165
331 5840 72 12 1000099.98144683
332 1460 111 27 1000100.24780189
333 7300 37 25 1000100.25280008
334 2920 120 31 1000100.44848134
335 33580 50 13 1000100.92597341
336 2920 98 118 1000101.69764778
337 1460 42 105 1000102.51984945
338 10220 20 27 1000102.62698504
339 1460 104 76 1000102.75890302
340 1460 15 74 1000103.18350701
341 1460 98 141 1000103.54982219
342 1697980 139 90 1000103.63240269
343 1460 114 17 1000103.66108891
344 1460 119 117 1000104.49902354
345 4380 0 55 1000104.53431038
346 1460 38 75 1000104.83344686
347 1460 37 26 1000105.1685327
348 1460 68 5 1000105.18907176
349 1547600 129 109 1000105.68044768
350 1460 96 131 1000105.85502037
351 1460 62 4 1000106.00497233
352 27740 80 132 1000106.13407062
353 2920 91 98 1000106.24091691
354 1460 102 42 1000106.83350321
355 1096460 77 37 1000106.87660345
356 1460 59 92 1000107.43770497
357 1460 122 62 1000107.65718879
358 1460 110 98 1000107.80068302
359 245280 59 2 1000108.20925845
360 1460 100 45 1000108.36434838
361 1460 7 1 1000108.48770614
362 2902480 6 41 1000108.58718259
363 1460 74 107 1000108.67855647
364 1460 11 81 1000108.90029268
365 1460 77 37 1000109.18092982
366 5840 24 40 1000109.25142504
367 1460 74 17 1000109.29921891
368 1460 127 116 1000109.53918513
369 1460 105 56 1000109.63590039
370 1460 7 39 1000109.65265588
371 1460 24 40 1000109.8681343
372 1460 104 58 1000109.92833376
373 2920 0 55 1000110.70378237
374 1460 54 44 1000110.80023098
375 1460 68 22 1000110.95737038
376 1460 45 74 1000111.32637277
377 1460 11 81 1000111.32847974
378 93440 56 38 1000112.03195409
379 1460 139 143 1000112.08587305
380 1460 71 74 1000112.38705467
381 7300 71 74 1000112.45477004
382 2870360 8 45 1000112.50393958
383 2920 21 113 1000113.21689248
384 1460 17 48 1000113.447591
385 1460 1 79 1000114.26554804
386 7300 105 4 1000115.02832795
387 1460 81 120 1000115.6327981
388 1460 139 90 1000115.73821357
389 7300 128 66 1000115.81643042
390 1460 48 111 1000115.82062879
391 1460 51 80 1000116.06076715
392 5840 94 120 1000116.70051836
393 1460 58 109 1000117.34036556
394 1646880 127 76 1000117.69975989
395 4380 12 45 1000117.90635965
396 10220 99 50 1000118.00567861
397 1460 69 124 1000118.31017285
398 4380 13 89 1000118.40440527
399 1460 126 28 1000118.78390781
400 2920 103 110 1000119.1647787
401 2920 48 111 1000119.17525883
402 1460 62 4 1000119.39814711
403 1460 63 26 1000119.55398581
404 1460 66 35 1000119.63834705
405 2289280 54 59 1000119.76525406
406 1460 112 56 1000119.81306796
407 1589940 56 133 1000119.9457933
408 108040 52 136 1000119.99417071
409 1460 90 81 1000120.0120137
410 1460 118 12 1000120.14719113
411 1460 93 115 1000120.34370385
412 2920 138 114 1000120.61674508
413 2920 85 121 1000121.0371618
414 1460 30 21 1000121.21580996
415 1460 33 14 1000121.49796296
416 5840 99 105 1000121.71374121
417 1460 116 126 1000121.8423569
418 4380 50 114 1000123.06195904
419 2920 46 80 1000123.22873278
420 1460 78 106 1000123.38420506
421 176660 80 40 1000123.44114895
422 68620 41 88 1000124.36378912
423 1460 18 132 1000125.03939042
424 1460 42 105 1000125.29651315
425 1460 56 133 1000125.38593808
426 143080 9 14 1000125.45352289
427 1568040 99 105 1000125.67069062
428 159140 26 39 1000125.67939731
429 8760 134 15 1000125.80504158
430 1460 107 47 1000126.0067985
431 1460 70 9 1000126.29063921
432 1460 13 89 1000127.16032087
433 1460 113 125 1000127.47844601
434 1460 95 47 1000127.63875467
435 394200 69 20 1000127.80131343
436 1460 110 98 1000128.53878771
437 1460 90 26 1000128.64829161
438 1460 28 136 1000128.76539413
439 2213360 30 21 1000129.67492565
440 1460 27 58 1000129.86876
441 4380 101 21 1000129.89962332
442 179580 110 83 1000129.91317163
443 1460 14 135 1000129.98410998
444 1460 88 129 1000130.71569651
445 35040 82 37 1000131.41018559
446 1460 68 22 1000131.5478944
447 362080 96 131 1000131.60906665
448 1460 57 83 1000131.61080968
449 1460 33 14 1000131.6612483
450 1460 131 123 1000132.05571254
451 1460 29 126 1000132.29998396
452 2920 88 134 1000132.32388882
453 2651360 22 124 1000132.62408489
454 249660 83 80 1000132.86732882
455 7300 114 17 1000133.27372851
456 1460 43 111 1000133.59602396
457 316820 51 52 1000133.8449988
458 1460 95 47 1000133.98411492
459 246740 135 134 1000134.22210661
460 1460 36 28 1000134.23092798
461 1376780 86 54 1000134.65808194
462 1460 93 115 1000135.36681694
463 826360 45 74 1000135.49340253
464 1460 5 62 1000135.77600925
465 4380 124 63 1000135.9501957
466 97820 15 87 1000136.54967766
467 192720 101 21 1000136.72263509
468 1460 103 110 1000136.93554026
469 4380 83 80 1000137.24876774
470 8760 43 78 1000137.25569282
471 1460 114 17 1000137.45279431
472 192720 127 76 1000138.30433767
473 1460 121 103 1000138.92291307
474 1460 127 76 1000139.65911224
475 1460 69 124 1000139.86461966
476 112420 31 37 1000140.53788297
477 1460 131 123 1000141.11857983
478 1223480 123 113 1000141.44471237
479 376680 2 139 1000141.68134092
480 1460 39 24 1000141.94043172
481 1460 130 71 1000142.25046699
482 1460 92 90 1000142.28245892
483 1460 119 117 1000142.896111
484 185420 39 51 1000142.90924515
485 362080 90 81 1000143.01389365
486 1460 5 62 1000143.26428033
487 7300 93 86 1000143.34851151
488 2591500 5 62 1000143.52760874
489 1460 10 29 1000143.68304443
490 1460 108 46 1000143.89856166
491 512460 2 139 1000143.90500446
492 1460 122 116 1000144.01439012
493 1460 139 90 1000144.28411952
494 1460 130 71 1000144.3445848
495 1460 86 117 1000144.45573213
496 162060 17 48 1000144.92461253
497 2920 100 120 1000145.30390928
498 2920 41 88 1000145.55049741
499 1460 13 142 1000145.7064126
500 1460 62 4 1000146.12185275
501 1460 16 79 1000146.90102792
502 1134420 121 103 1000147.52141453
503 2957960 50 114 1000147.5697051
504 337260 120 113 1000147.66286322
505 1460 3 60 1000148.09956841
506 4380 29 83 1000148.33966019
507 1460 72 12 1000148.60945942
508 1460 125 62 1000148.87104807
509 4380 68 22 1000149.1278245
510 4380 95 109 1000149.27021072
511 1460 22 20 1000149.30982658
512 5840 15 87 1000150.05776379
513 186880 48 131 1000151.70938177
514 2073200 59 2 1000151.85823011
515 10220 93 115 1000152.03454721
516 68620 91 98 1000152.26295152
517 5840 97 52 1000152.39344299
518 5840 62 4 1000152.53280574
519 4380 34 59 1000152.78277057
520 2811960 77 37 1000152.79958956
521 4380 66 20 1000152.8515144
522 182500 103 110 1000153.3181133
523 370840 54 59 1000154.31518078
524 1460 98 141 1000154.76989521
525 183960 28 39 1000154.86503244
526 4380 110 98 1000154.91098056
527 2920 113 125 1000154.92515238
528 1460 0 55 1000155.76582153
529 5840 19 34 1000156.00113457
530 1460 50 114 1000156.0134358
531 1460 42 45 1000156.39786465
532 1460 1 79 1000156.47945907
533 173740 15 87 1000156.75965061
534 2920 6 90 1000157.38615398
535 7300 23 1 1000158.27224463
536 1460 143 97 1000158.67810219
537 1460 100 45 1000158.70287945
538 1460 130 75 1000159.56579857
539 1460 27 5 1000161.2156879
540 8760 40 115 1000161.28852071
541 2920 106 119 1000161.54717455
542 1460 104 58 1000161.88600004
543 252580 60 6 1000161.94993289
544 1460 72 110 1000162.44399861
545 1460 59 2 1000162.80211715
546 1460 42 105 1000162.89109184
547 899360 121 103 1000162.96408357
548 2920 91 98 1000162.98596355
549 4380 94 120 1000163.6693974
550 1460 14 108 1000163.67721318
551 71540 14 135 1000163.88540593
552 677440 18 132 1000164.68458183
553 4380 32 11 1000164.70483523
554 1460 7 1 1000164.74886971
555 8760 70 121 1000165.00777675
556 1460 1 79 1000165.27288461
557 2920 4 8 1000165.34477535
558 1460 82 37 1000165.79055121
559 5840 74 17 1000166.43640141
560 1460 80 132 1000166.48484008
561 151840 105 4 1000166.58176117
562 198560 37 26 1000167.38509034
563 4380 94 29 1000167.53686424
564 1460 26 16 1000167.82090637
565 2920 84 12 1000167.92851142
566 135780 67 62 1000168.50241686
567 1460 119 117 1000169.44033776
568 1460 29 126 1000169.70125874
569 1461460 114 54 1000169.84905942
570 1976840 7 1 1000169.92248033
571 1499420 36 28 1000170.15930038
572 1460 103 110 1000170.62360077
573 1460 20 10 1000170.63344281
574 748980 91 12 1000170.90326342
575 2920 58 109 1000171.05787775
576 1460 134 11 1000171.28273825
577 1460 78 106 1000171.96866592
578 1460 110 83 1000172.237947
579 1460 129 33 1000172.41714905
580 1460 37 25 1000172.43264461
581 1460 137 142 1000172.93969498
582 1460 77 37 1000173.063771
583 5840 86 54 1000173.33763389
584 10220 137 142 1000173.98496808
585 347480 3 22 1000174.37004294
586 1460 26 39 1000175.16570193
587 7300 54 44 1000175.26431739
588 1460 24 40 1000175.44252863
589 3026580 69 124 1000175.58565935
590 1460 65 103 1000175.85721463
591 1460 21 113 1000176.15585709
592 2298040 64 12 1000176.5148761
593 1460 87 69 1000176.85376609
594 1460 53 78 1000177.08163566
595 56940 138 38 1000177.20750944
596 1460 68 22 1000177.3678458
597 1460 58 109 1000177.44760403
598 1460 141 1 1000177.85938465
599 5840 87 20 1000177.86288159
600 2920 73 84 1000177.9222286
601 2920 30 21 1000178.34470613
602 1460 30 4 1000178.6939969
603 1460 97 52 1000178.90404129
604 1460 132 90 1000179.01668046
605 1460 62 4 1000180.49302484
606 2115540 59 2 1000180.64455179
607 1460 38 75 1000181.20988414
608 1460 63 26 1000181.38224484
609 1460 21 57 1000181.63956502
610 4380 85 51 1000181.6519013
611 2920 4 107 1000182.20472549
612 1460 133 39 1000182.68390762
613 1460 30 21 1000182.80138927
614 4380 128 66 1000183.03970995
615 1460 74 107 1000183.45701041
616 195640 18 60 1000183.76550173
617 1460 45 74 1000184.09061468
618 1460 90 81 1000184.16930232
619 1460 114 54 1000184.6067189
620 2908320 50 13 1000185.50273392
621 1460 47 4 1000185.7390676
622 1460 112 52 1000185.76737998
623 365000 118 66 1000186.04353767
624 7300 16 79 1000186.69598205
625 1460 97 84 1000186.78890668
626 164980 17 123 1000187.00265007
627 1460 38 75 1000187.17696468
628 1460 91 98 1000187.21235608
629 1460 35 13 1000187.51010929
630 2159340 66 20 1000187.55510069
631 1460 141 1 1000187.78375954
632 370840 39 24 1000188.11044747
633 1460 38 75 1000188.15152482
634 1460 64 1 1000188.2053557
635 1460 57 29 1000188.29045356
636 1460 86 117 1000188.38924655
637 1460 40 43 1000189.10231411
638 4380 47 4 1000189.56451574
639 1460 109 108 1000189.67133986
640 1460 79 133 1000189.79932429
641 115340 99 50 1000189.90347872
642 1460 17 48 1000190.19100725
643 302220 16 79 1000190.24328831
644 8760 84 12 1000190.50792329
645 10220 58 36 1000191.59937808
646 1460 12 33 1000191.74710905
647 2920 26 39 1000191.77521999
648 327040 37 26 1000192.30555675
649 1460 87 20 1000192.37535771
650 186880 85 51 1000193.06686171
651 1460 125 126 1000193.07891591
652 1460 9 14 1000194.1971889
653 2920 99 105 1000194.8149719
654 2920 77 37 1000194.88163623
655 1460 65 9 1000195.24130144
656 1460 110 83 1000195.40833592
657 2920 38 75 1000195.5430263
658 1460 119 117 1000195.84471725
659 5840 53 69 1000195.86947624
660 1460 2 122 1000196.18086191
661 2920 34 59 1000196.3210077
662 7300 110 83 1000197.18182832
663 1460 79 138 1000198.22500243
664 23360 103 137 1000198.33255008
665 7300 141 27 1000199.1318002
666 4380 3 22 1000199.13654287
667 7300 128 45 1000199.45927483
668 4380 4 107 1000199.59441984
669 1460 102 5 1000199.74206022
670 1460 23 1 1000199.88242081
671 2632380 7 1 1000200.15768249
672 2920 71 74 1000200.47076244
673 1460 99 50 1000200.50302371
674 1460 89 91 1000201.42872201
675 1460 25 11 1000201.71396517
676 2920 104 76 1000201.83430304
677 1460 42 105 1000201.93751568
678 1460 97 52 1000202.14973894
679 1029300 31 110 1000202.36474416
680 1460 62 28 1000202.41890619
681 2920 22 20 1000202.42840513
682 8760 104 76 1000202.81567322
683 325580 44 101 1000202.84603994
684 4380 28 136 1000202.97547547
685 7300 59 92 1000203.6652346
686 930020 101 21 1000204.01212851
687 2204600 56 38 1000204.12357427
688 1460 98 141 1000204.43289622
689 1460 133 39 1000204.54731024
690 1460 116 21 1000205.53447604
691 51100 36 53 1000205.72171033
692 1460 141 1 1000206.05448979
693 1460 132 88 1000206.13670808
694 1460 129 33 1000206.84759421
695 2920 43 111 1000207.24914673
696 13140 138 114 1000207.72364436
697 1460 115 89 1000207.78915875
698 1460 72 110 1000208.07529737
699 1460 88 134 1000208.08747842
700 1460 49 94 1000208.29814966
701 286160 47 92 1000208.71649025
702 1460 61 139 1000208.98136463
703 20440 137 142 1000209.44108385
704 1460 31 110 1000209.54533814
705 1460 48 111 1000209.78829011
706 1460 27 5 1000210.33933147
707 1460 58 109 1000211.21070423
708 1460 24 105 1000211.25645355
709 2920 50 114 1000212.6522854
710 5840 17 123 1000213.13319354
711 2920 139 90 1000213.40481769
712 1460 53 69 1000214.00927536
713 1460 34 59 1000214.04672207
714 10220 108 78 1000214.57239905
715 74460 13 142 1000214.57641725
716 665760 36 53 1000214.61659011
717 1460 76 121 1000214.76681377
718 1460 91 98 1000215.04928459
719 1460 27 58 1000215.76852603
720 1460 58 109 1000216.11293989
721 1460 125 62 1000216.69233177
722 1460 43 78 1000216.78745701
723 2920 121 103 1000216.90415085
724 1460 14 135 1000217.13485603
725 5840 52 68 1000217.16529672
726 1460 58 36 1000217.29872076
727 1460 77 37 1000217.5425142
728 1460 31 110 1000218.41560042
729 1460 108 46 1000219.5357541
730 4380 117 19 1000219.63346212
731 1460 6 90 1000219.97611664
732 8760 118 66 1000220.42265415
733 2410460 18 60 1000221.25120036
734 10220 73 84 1000221.29188073
735 2741880 73 136 1000221.65031504
736 1460 27 5 1000221.66814025
737 2920 73 136 1000222.0314284
738 4380 62 4 1000222.89239384
739 5840 99 105 1000223.35566683
740 1460 136 125 1000223.91609662
741 7300 20 10 1000224.08289011
742 5840 61 139 1000224.49093
743 1460 68 5 1000224.70973174
744 4380 65 103 1000226.63523554
745 2920 59 92 1000226.93294286
746 2920 39 24 1000227.16425491
747 363540 37 26 1000227.59557563
748 1460 5 26 1000227.60657214
749 5840 143 97 1000227.61748062
750 1460 85 121 1000227.777394
751 210240 63 26 1000228.33546719
752 220460 52 68 1000228.40542022
753 1460 90 26 1000228.44756538
754 4380 65 9 1000229.01670794
755 1460 23 105 1000229.24444877
756 1460 128 45 1000229.24878775
757 5840 90 81 1000230.41095643
758 1460 106 119 1000230.75675062
759 4380 49 94 1000231.43033704
760 1460 137 142 1000231.49202787
761 1460 113 73 1000231.94647763
762 131400 49 94 1000232.22872546
763 1460 101 21 1000232.50518047
764 1460 12 45 1000232.70492584
765 7300 41 88 1000232.99376452
766 1157780 103 110 1000233.27821437
767 2920 106 119 1000233.53751869
768 1460 67 48 1000234.03126986
769 1460 51 80 1000234.25105411
770 1460 90 81 1000235.02634412
771 173740 14 108 1000235.10180051
772 1458540 93 86 1000235.60409447
773 1460 113 125 1000235.8759335
774 1460 133 92 1000236.50996408
775 1460 99 105 1000236.52192831
776 1460 82 80 1000237.10204674
777 1460 0 55 1000237.38323123
778 8760 9 121 1000237.52933255
779 1460 141 27 1000237.54889535
780 235060 62 28 1000237.5951265
781 2325780 106 82 1000237.72064168
782 2920 108 46 1000237.76621435
783 2920 16 79 1000238.57684463
784 1460 32 16 1000238.94595961
785 1460 101 6 1000239.98869443
786 4380 79 138 1000239.99427645
787 1460 5 26 1000240.1859162
788 208780 126 124 1000240.64504877
789 348940 52 136 1000240.75874457
790 8760 53 69 1000241.15748856
791 1460 62 28 1000241.35006248
792 4380 143 97 1000241.36834002
793 2920 137 49 1000241.83489763
794 1460 101 21 1000242.31827617
795 1460 66 35 1000242.59990013
796 5840 10 118 1000243.40278617
797 188340 8 45 1000243.61135674
798 255500 82 37 1000243.6122523
799 1499420 131 123 1000243.69874421
800 1460 60 6 1000243.89619444
801 1460 131 123 1000244.01673373
802 4380 34 59 1000244.06801293
803 4380 13 89 1000244.20989125
804 1460 99 50 1000244.97927097
805 413180 23 1 1000246.21348471
806 4380 11 14 1000246.47991671
807 1460 32 16 1000246.60555762
808 366460 54 44 1000246.71662106
809 334340 132 88 1000246.73919313
810 1460 86 117 1000246.78401151
811 1460 9 14 1000247.25446909
812 2920 36 53 1000247.78055471
813 1460 114 54 1000248.47139643
814 1460 112 56 1000248.90274113
815 1460 67 62 1000248.92936917
816 7300 94 29 1000248.97875097
817 8760 96 131 1000249.04235523
818 1460 85 51 1000249.88728124
819 585460 48 131 1000250.01874482
820 2429440 68 5 1000250.36893865
821 1460 40 43 1000250.80792533
822 1460 141 27 1000251.03535121
823 1460 27 58 1000251.41265227
824 1460 95 47 1000251.57606667
825 1460 134 11 1000251.8919707
826 1460 21 113 1000252.29729249
827 4380 8 69 1000252.56352163
828 1460 123 29 1000252.67823648
829 1460 71 74 1000252.79070759
830 1460 26 16 1000253.18969285
831 1460 84 53 1000253.62475521
832 1460 65 9 1000253.68986026
833 4380 21 57 1000253.6989127
834 4380 100 120 1000254.10899741
835 1460 106 119 1000255.24252703
836 1460 135 134 1000255.56658651
837 1460 115 89 1000255.7494582
838 1460 80 40 1000255.78760322
839 1460 51 80 1000256.38248618
840 1460 24 105 1000257.00647902
841 210240 142 56 1000257.08692538
842 1892160 2 122 1000257.13259764
843 1460 95 47 1000257.17904788
844 4380 125 62 1000257.38066873
845 1365100 90 81 1000258.26214954
846 1614760 1 79 1000258.45885829
847 1460 94 29 1000258.62141449
848 2920 85 121 1000258.78513945
849 1460 106 82 1000259.00441791
850 4380 135 129 1000259.11967385
851 1553440 25 11 1000259.73275302
852 1460 20 10 1000259.82425414
853 2920 16 24 1000259.99666489
854 2920 33 73 1000260.27132542
855 2457180 23 1 1000260.52357587
856 8760 132 90 1000261.13582254
857 1460 107 1 1000261.24515416
858 1460 140 54 1000261.29730224
859 2265920 78 112 1000261.32585658
860 1820620 102 42 1000262.40022137
861 1460 116 21 1000262.83364458
862 1460 21 57 1000263.49227707
863 1460 4 8 1000264.12419982
864 5840 70 9 1000264.39027564
865 1460 109 108 1000265.70204846
866 1460 101 21 1000266.20745052
867 1460 45 11 1000266.43375386
868 1460 50 114 1000266.60486446
869 1460 56 38 1000266.79825751
870 1460 119 117 1000267.10225718
871 1121280 30 4 1000267.75860302
872 1460 75 100 1000267.98638041
873 2920 120 113 1000268.08953527
874 359160 77 37 1000268.21667273
875 4380 97 84 1000268.24037626
876 1460 75 55 1000268.73852654
877 7300 57 83 1000268.81208914
878 1460 43 78 1000268.91174082
879 4380 50 114 1000269.12041221
880 4380 68 5 1000269.3668736
881 2920 23 1 1000269.43081964
882 1460 130 71 1000270.20946077
883 283240 6 90 1000270.62147338
884 1460 139 90 1000270.70385532
885 1460 123 113 1000270.83974881
886 27740 4 8 1000270.99978438
887 1832300 102 42 1000271.18994389
888 7300 116 21 1000272.34309806
889 7300 10 29 1000273.05023991
890 1460 73 136 1000273.11212707
891 1460 48 111 1000273.25988243
892 1460 118 12 1000273.63528467
893 1460 67 62 1000273.91723458
894 1460 44 101 1000275.19745152
895 1460 44 101 1000275.56287572
896 487640 44 101 1000275.98326883
897 1460 16 79 1000276.61677757
898 36500 31 110 1000277.11709214
899 1460 39 24 1000277.73073332
900 1460 9 121 1000277.77239364
901 1405980 132 90 1000277.80481681
902 1460 103 110 1000277.98037189
903 1460 122 116 1000277.98093797
904 1460 68 5 1000278.00060394
905 11680 75 55 1000278.52895002
906 1460 16 79 1000278.5859145
907 1460 9 121 1000279.59713593
908 1460 90 26 1000279.86112287
909 1460 8 69 1000280.0486468
910 1460 122 62 1000280.37715306
911 10220 117 108 1000280.44186479
912 1460 143 36 1000280.58695551
913 1460 67 48 1000281.02005458
914 8760 135 134 1000281.47410709
915 1460 5 26 1000281.65790095
916 4380 30 4 1000282.12969569
917 1460 118 66 1000282.89339999
918 264260 97 84 1000283.22975125
919 1460 54 44 1000283.7414348
920 1460 124 63 1000283.85912828
921 83220 46 80 1000283.94936709
922 1460 31 110 1000284.16631422
923 1460 30 4 1000284.34386198
924 1460 71 74 1000284.63513877
925 4380 45 11 1000284.68398234
926 1460 60 0 1000284.72627851
927 1756380 72 12 1000284.77761208
928 1460 93 86 1000284.8059042
929 2882040 65 103 1000285.42554658
930 1684840 22 124 1000285.54343785
931 1460 139 143 1000285.64930181
932 1460 14 108 1000286.20256228
933 10220 68 5 1000286.38729897
934 2920 55 71 1000286.54076652
935 1460 82 80 1000287.30793151
936 1460 19 28 1000287.43401764
937 1460 67 62 1000287.44092654
938 325580 51 52 1000287.65158705
939 1460 40 43 1000287.95647663
940 1460 103 110 1000288.2245567
941 119720 19 28 1000288.45620158
942 2920 107 1 1000288.91409295
943 1460 81 120 1000288.98711825
944 2949200 135 129 1000289.15866929
945 1460 24 105 1000291.96837299
946 1460 81 73 1000292.29547551
947 2920 108 46 1000292.48804449
948 1460 143 97 1000292.5722961
949 1460 126 124 1000292.64055957
950 1460 97 52 1000293.13414193
951 10220 45 74 1000293.29490428
952 1460 52 68 1000293.44276994
953 1460 57 83 1000293.47028362
954 2920 39 24 1000293.77918221
955 2920 136 125 1000293.83383125
956 27740 81 120 1000293.90204253
957 2920 31 110 1000294.12194272
958 1460 106 119 1000294.26318729
959 1460 76 121 1000294.64673311
960 1460 68 22 1000294.71221019
961 1460 30 4 1000295.06558935
962 2920 79 133 1000295.16951847
963 1460 143 36 1000295.32551397
964 1460 4 107 1000296.11024109
965 1460 16 24 1000296.67389229
966 1460 24 105 1000297.16030782
967 1460 136 118 1000297.36592563
968 3019280 63 26 1000298.17847461
969 1460 30 4 1000298.47344703
970 1460 68 5 1000298.51284563
971 1460 99 50 1000299.57526075
972 1460 8 69 1000299.92732561
973 1460 88 129 1000300.0167419
974 1460 64 12 1000301.00781684
975 2920 44 101 1000301.6180696
976 1460 26 16 1000301.96242498
977 2920 34 59 1000302.03822976
978 1460 99 50 1000303.13608924
979 214620 130 75 1000303.16186191
980 93440 28 136 1000303.17811068
981 1460 69 124 1000303.3100569
982 235060 136 125 1000303.38406708
983 1460 127 76 1000303.92417122
984 259880 21 57 1000304.14483477
985 1460 70 9 1000304.360356
986 1460 100 120 1000304.37791168
987 2620700 100 120 1000304.40898773
988 1460 137 49 1000305.2479487
989 8760 110 98 1000305.25818839
990 1460 101 6 1000305.29816005
991 10220 104 76 1000305.33070253
992 1460 13 89 1000305.48158285
993 1460 72 12 1000305.75326009
994 1460 120 113 1000305.92905018
995 2185620 83 80 1000306.42090417
996 268640 24 105 1000306.69607699
997 1460 28 136 1000306.75757748
998 1460 134 11 1000307.09519455
999 2920 127 116 1000307.18066285
2018-11-09.01:50:19 Simulator ended. Execution time: 0 seconds
