0 1.0 1.1 1.1 20000 1.1 1.1 16 0
1 1.0 1.1 1.1 20000 1.1 1.1 17 0
2 1.0 1.1 1.1 20000 1.1 1.1 18 0
3 1.0 1.1 1.1 20000 1.1 1.1 19 0
4 1.0 1.1 1.1 20000 1.1 1.1 20 0
5 1.0 1.1 1.1 20000 1.1 1.1 21 0
6 1.0 1.1 1.1 20000 1.1 1.1 22 0
7 1.0 1.1 1.1 20000 1.1 1.1 23 0
8 1.0 1.1 1.1 20000 1.1 1.1 24 0
9 1.0 1.1 1.1 20000 1.1 1.1 25 0
10 1.0 1.1 1.1 20000 1.1 1.1 26 0
11 1.0 1.1 1.1 20000 1.1 1.1 27 0
12 1.0 1.1 1.1 20000 1.1 1.1 28 0
13 1.0 1.1 1.1 20000 1.1 1.1 29 0
14 1.0 1.1 1.1 20000 1.1 1.1 30 0
15 1.0 1.1 1.1 20000 1.1 1.1 31 0
16 1.0 1.1 1.1 20000 1.1 1.1 16 1
17 1.0 1.1 1.1 20000 1.1 1.1 17 1
18 1.0 1.1 1.1 20000 1.1 1.1 18 1
19 1.0 1.1 1.1 20000 1.1 1.1 19 1
20 1.0 1.1 1.1 20000 1.1 1.1 20 1
21 1.0 1.1 1.1 20000 1.1 1.1 21 1
22 1.0 1.1 1.1 20000 1.1 1.1 22 1
23 1.0 1.1 1.1 20000 1.1 1.1 23 1
24 1.0 1.1 1.1 20000 1.1 1.1 24 1
25 1.0 1.1 1.1 20000 1.1 1.1 25 1
26 1.0 1.1 1.1 20000 1.1 1.1 26 1
27 1.0 1.1 1.1 20000 1.1 1.1 27 1
28 1.0 1.1 1.1 20000 1.1 1.1 28 1
29 1.0 1.1 1.1 20000 1.1 1.1 29 1
30 1.0 1.1 1.1 20000 1.1 1.1 30 1
31 1.0 1.1 1.1 20000 1.1 1.1 31 1
32 1.0 1.1 1.1 20000 1.1 1.1 16 2
33 1.0 1.1 1.1 20000 1.1 1.1 17 2
34 1.0 1.1 1.1 20000 1.1 1.1 18 2
35 1.0 1.1 1.1 20000 1.1 1.1 19 2
36 1.0 1.1 1.1 20000 1.1 1.1 20 2
37 1.0 1.1 1.1 20000 1.1 1.1 21 2
38 1.0 1.1 1.1 20000 1.1 1.1 22 2
39 1.0 1.1 1.1 20000 1.1 1.1 23 2
40 1.0 1.1 1.1 20000 1.1 1.1 24 2
41 1.0 1.1 1.1 20000 1.1 1.1 25 2
42 1.0 1.1 1.1 20000 1.1 1.1 26 2
43 1.0 1.1 1.1 20000 1.1 1.1 27 2
44 1.0 1.1 1.1 20000 1.1 1.1 28 2
45 1.0 1.1 1.1 20000 1.1 1.1 29 2
46 1.0 1.1 1.1 20000 1.1 1.1 30 2
47 1.0 1.1 1.1 20000 1.1 1.1 31 2
48 1.0 1.1 1.1 20000 1.1 1.1 16 3
49 1.0 1.1 1.1 20000 1.1 1.1 17 3
50 1.0 1.1 1.1 20000 1.1 1.1 18 3
51 1.0 1.1 1.1 20000 1.1 1.1 19 3
52 1.0 1.1 1.1 20000 1.1 1.1 20 3
53 1.0 1.1 1.1 20000 1.1 1.1 21 3
54 1.0 1.1 1.1 20000 1.1 1.1 22 3
55 1.0 1.1 1.1 20000 1.1 1.1 23 3
56 1.0 1.1 1.1 20000 1.1 1.1 24 3
57 1.0 1.1 1.1 20000 1.1 1.1 25 3
58 1.0 1.1 1.1 20000 1.1 1.1 26 3
59 1.0 1.1 1.1 20000 1.1 1.1 27 3
60 1.0 1.1 1.1 20000 1.1 1.1 28 3
61 1.0 1.1 1.1 20000 1.1 1.1 29 3
62 1.0 1.1 1.1 20000 1.1 1.1 30 3
63 1.0 1.1 1.1 20000 1.1 1.1 31 3
64 1.0 1.1 1.1 20000 1.1 1.1 16 4
65 1.0 1.1 1.1 20000 1.1 1.1 17 4
66 1.0 1.1 1.1 20000 1.1 1.1 18 4
67 1.0 1.1 1.1 20000 1.1 1.1 19 4
68 1.0 1.1 1.1 20000 1.1 1.1 20 4
69 1.0 1.1 1.1 20000 1.1 1.1 21 4
70 1.0 1.1 1.1 20000 1.1 1.1 22 4
71 1.0 1.1 1.1 20000 1.1 1.1 23 4
72 1.0 1.1 1.1 20000 1.1 1.1 24 4
73 1.0 1.1 1.1 20000 1.1 1.1 25 4
74 1.0 1.1 1.1 20000 1.1 1.1 26 4
75 1.0 1.1 1.1 20000 1.1 1.1 27 4
76 1.0 1.1 1.1 20000 1.1 1.1 28 4
77 1.0 1.1 1.1 20000 1.1 1.1 29 4
78 1.0 1.1 1.1 20000 1.1 1.1 30 4
79 1.0 1.1 1.1 20000 1.1 1.1 31 4
80 1.0 1.1 1.1 20000 1.1 1.1 16 5
81 1.0 1.1 1.1 20000 1.1 1.1 17 5
82 1.0 1.1 1.1 20000 1.1 1.1 18 5
83 1.0 1.1 1.1 20000 1.1 1.1 19 5
84 1.0 1.1 1.1 20000 1.1 1.1 20 5
85 1.0 1.1 1.1 20000 1.1 1.1 21 5
86 1.0 1.1 1.1 20000 1.1 1.1 22 5
87 1.0 1.1 1.1 20000 1.1 1.1 23 5
88 1.0 1.1 1.1 20000 1.1 1.1 24 5
89 1.0 1.1 1.1 20000 1.1 1.1 25 5
90 1.0 1.1 1.1 20000 1.1 1.1 26 5
91 1.0 1.1 1.1 20000 1.1 1.1 27 5
92 1.0 1.1 1.1 20000 1.1 1.1 28 5
93 1.0 1.1 1.1 20000 1.1 1.1 29 5
94 1.0 1.1 1.1 20000 1.1 1.1 30 5
95 1.0 1.1 1.1 20000 1.1 1.1 31 5
96 1.0 1.1 1.1 20000 1.1 1.1 16 6
97 1.0 1.1 1.1 20000 1.1 1.1 17 6
98 1.0 1.1 1.1 20000 1.1 1.1 18 6
99 1.0 1.1 1.1 20000 1.1 1.1 19 6
100 1.0 1.1 1.1 20000 1.1 1.1 20 6
101 1.0 1.1 1.1 20000 1.1 1.1 21 6
102 1.0 1.1 1.1 20000 1.1 1.1 22 6
103 1.0 1.1 1.1 20000 1.1 1.1 23 6
104 1.0 1.1 1.1 20000 1.1 1.1 24 6
105 1.0 1.1 1.1 20000 1.1 1.1 25 6
106 1.0 1.1 1.1 20000 1.1 1.1 26 6
107 1.0 1.1 1.1 20000 1.1 1.1 27 6
108 1.0 1.1 1.1 20000 1.1 1.1 28 6
109 1.0 1.1 1.1 20000 1.1 1.1 29 6
110 1.0 1.1 1.1 20000 1.1 1.1 30 6
111 1.0 1.1 1.1 20000 1.1 1.1 31 6
112 1.0 1.1 1.1 20000 1.1 1.1 16 7
113 1.0 1.1 1.1 20000 1.1 1.1 17 7
114 1.0 1.1 1.1 20000 1.1 1.1 18 7
115 1.0 1.1 1.1 20000 1.1 1.1 19 7
116 1.0 1.1 1.1 20000 1.1 1.1 20 7
117 1.0 1.1 1.1 20000 1.1 1.1 21 7
118 1.0 1.1 1.1 20000 1.1 1.1 22 7
119 1.0 1.1 1.1 20000 1.1 1.1 23 7
120 1.0 1.1 1.1 20000 1.1 1.1 24 7
121 1.0 1.1 1.1 20000 1.1 1.1 25 7
122 1.0 1.1 1.1 20000 1.1 1.1 26 7
123 1.0 1.1 1.1 20000 1.1 1.1 27 7
124 1.0 1.1 1.1 20000 1.1 1.1 28 7
125 1.0 1.1 1.1 20000 1.1 1.1 29 7
126 1.0 1.1 1.1 20000 1.1 1.1 30 7
127 1.0 1.1 1.1 20000 1.1 1.1 31 7
128 1.0 1.1 1.1 20000 1.1 1.1 16 8
129 1.0 1.1 1.1 20000 1.1 1.1 17 8
130 1.0 1.1 1.1 20000 1.1 1.1 18 8
131 1.0 1.1 1.1 20000 1.1 1.1 19 8
132 1.0 1.1 1.1 20000 1.1 1.1 20 8
133 1.0 1.1 1.1 20000 1.1 1.1 21 8
134 1.0 1.1 1.1 20000 1.1 1.1 22 8
135 1.0 1.1 1.1 20000 1.1 1.1 23 8
136 1.0 1.1 1.1 20000 1.1 1.1 24 8
137 1.0 1.1 1.1 20000 1.1 1.1 25 8
138 1.0 1.1 1.1 20000 1.1 1.1 26 8
139 1.0 1.1 1.1 20000 1.1 1.1 27 8
140 1.0 1.1 1.1 20000 1.1 1.1 28 8
141 1.0 1.1 1.1 20000 1.1 1.1 29 8
142 1.0 1.1 1.1 20000 1.1 1.1 30 8
143 1.0 1.1 1.1 20000 1.1 1.1 31 8
144 1.0 1.1 1.1 20000 1.1 1.1 16 9
145 1.0 1.1 1.1 20000 1.1 1.1 17 9
146 1.0 1.1 1.1 20000 1.1 1.1 18 9
147 1.0 1.1 1.1 20000 1.1 1.1 19 9
148 1.0 1.1 1.1 20000 1.1 1.1 20 9
149 1.0 1.1 1.1 20000 1.1 1.1 21 9
150 1.0 1.1 1.1 20000 1.1 1.1 22 9
151 1.0 1.1 1.1 20000 1.1 1.1 23 9
152 1.0 1.1 1.1 20000 1.1 1.1 24 9
153 1.0 1.1 1.1 20000 1.1 1.1 25 9
154 1.0 1.1 1.1 20000 1.1 1.1 26 9
155 1.0 1.1 1.1 20000 1.1 1.1 27 9
156 1.0 1.1 1.1 20000 1.1 1.1 28 9
157 1.0 1.1 1.1 20000 1.1 1.1 29 9
158 1.0 1.1 1.1 20000 1.1 1.1 30 9
159 1.0 1.1 1.1 20000 1.1 1.1 31 9
160 1.0 1.1 1.1 20000 1.1 1.1 16 10
161 1.0 1.1 1.1 20000 1.1 1.1 17 10
162 1.0 1.1 1.1 20000 1.1 1.1 18 10
163 1.0 1.1 1.1 20000 1.1 1.1 19 10
164 1.0 1.1 1.1 20000 1.1 1.1 20 10
165 1.0 1.1 1.1 20000 1.1 1.1 21 10
166 1.0 1.1 1.1 20000 1.1 1.1 22 10
167 1.0 1.1 1.1 20000 1.1 1.1 23 10
168 1.0 1.1 1.1 20000 1.1 1.1 24 10
169 1.0 1.1 1.1 20000 1.1 1.1 25 10
170 1.0 1.1 1.1 20000 1.1 1.1 26 10
171 1.0 1.1 1.1 20000 1.1 1.1 27 10
172 1.0 1.1 1.1 20000 1.1 1.1 28 10
173 1.0 1.1 1.1 20000 1.1 1.1 29 10
174 1.0 1.1 1.1 20000 1.1 1.1 30 10
175 1.0 1.1 1.1 20000 1.1 1.1 31 10
176 1.0 1.1 1.1 20000 1.1 1.1 16 11
177 1.0 1.1 1.1 20000 1.1 1.1 17 11
178 1.0 1.1 1.1 20000 1.1 1.1 18 11
179 1.0 1.1 1.1 20000 1.1 1.1 19 11
180 1.0 1.1 1.1 20000 1.1 1.1 20 11
181 1.0 1.1 1.1 20000 1.1 1.1 21 11
182 1.0 1.1 1.1 20000 1.1 1.1 22 11
183 1.0 1.1 1.1 20000 1.1 1.1 23 11
184 1.0 1.1 1.1 20000 1.1 1.1 24 11
185 1.0 1.1 1.1 20000 1.1 1.1 25 11
186 1.0 1.1 1.1 20000 1.1 1.1 26 11
187 1.0 1.1 1.1 20000 1.1 1.1 27 11
188 1.0 1.1 1.1 20000 1.1 1.1 28 11
189 1.0 1.1 1.1 20000 1.1 1.1 29 11
190 1.0 1.1 1.1 20000 1.1 1.1 30 11
191 1.0 1.1 1.1 20000 1.1 1.1 31 11
192 1.0 1.1 1.1 20000 1.1 1.1 16 12
193 1.0 1.1 1.1 20000 1.1 1.1 17 12
194 1.0 1.1 1.1 20000 1.1 1.1 18 12
195 1.0 1.1 1.1 20000 1.1 1.1 19 12
196 1.0 1.1 1.1 20000 1.1 1.1 20 12
197 1.0 1.1 1.1 20000 1.1 1.1 21 12
198 1.0 1.1 1.1 20000 1.1 1.1 22 12
199 1.0 1.1 1.1 20000 1.1 1.1 23 12
200 1.0 1.1 1.1 20000 1.1 1.1 24 12
201 1.0 1.1 1.1 20000 1.1 1.1 25 12
202 1.0 1.1 1.1 20000 1.1 1.1 26 12
203 1.0 1.1 1.1 20000 1.1 1.1 27 12
204 1.0 1.1 1.1 20000 1.1 1.1 28 12
205 1.0 1.1 1.1 20000 1.1 1.1 29 12
206 1.0 1.1 1.1 20000 1.1 1.1 30 12
207 1.0 1.1 1.1 20000 1.1 1.1 31 12
208 1.0 1.1 1.1 20000 1.1 1.1 16 13
209 1.0 1.1 1.1 20000 1.1 1.1 17 13
210 1.0 1.1 1.1 20000 1.1 1.1 18 13
211 1.0 1.1 1.1 20000 1.1 1.1 19 13
212 1.0 1.1 1.1 20000 1.1 1.1 20 13
213 1.0 1.1 1.1 20000 1.1 1.1 21 13
214 1.0 1.1 1.1 20000 1.1 1.1 22 13
215 1.0 1.1 1.1 20000 1.1 1.1 23 13
216 1.0 1.1 1.1 20000 1.1 1.1 24 13
217 1.0 1.1 1.1 20000 1.1 1.1 25 13
218 1.0 1.1 1.1 20000 1.1 1.1 26 13
219 1.0 1.1 1.1 20000 1.1 1.1 27 13
220 1.0 1.1 1.1 20000 1.1 1.1 28 13
221 1.0 1.1 1.1 20000 1.1 1.1 29 13
222 1.0 1.1 1.1 20000 1.1 1.1 30 13
223 1.0 1.1 1.1 20000 1.1 1.1 31 13
224 1.0 1.1 1.1 20000 1.1 1.1 16 14
225 1.0 1.1 1.1 20000 1.1 1.1 17 14
226 1.0 1.1 1.1 20000 1.1 1.1 18 14
227 1.0 1.1 1.1 20000 1.1 1.1 19 14
228 1.0 1.1 1.1 20000 1.1 1.1 20 14
229 1.0 1.1 1.1 20000 1.1 1.1 21 14
230 1.0 1.1 1.1 20000 1.1 1.1 22 14
231 1.0 1.1 1.1 20000 1.1 1.1 23 14
232 1.0 1.1 1.1 20000 1.1 1.1 24 14
233 1.0 1.1 1.1 20000 1.1 1.1 25 14
234 1.0 1.1 1.1 20000 1.1 1.1 26 14
235 1.0 1.1 1.1 20000 1.1 1.1 27 14
236 1.0 1.1 1.1 20000 1.1 1.1 28 14
237 1.0 1.1 1.1 20000 1.1 1.1 29 14
238 1.0 1.1 1.1 20000 1.1 1.1 30 14
239 1.0 1.1 1.1 20000 1.1 1.1 31 14
240 1.0 1.1 1.1 20000 1.1 1.1 16 15
241 1.0 1.1 1.1 20000 1.1 1.1 17 15
242 1.0 1.1 1.1 20000 1.1 1.1 18 15
243 1.0 1.1 1.1 20000 1.1 1.1 19 15
244 1.0 1.1 1.1 20000 1.1 1.1 20 15
245 1.0 1.1 1.1 20000 1.1 1.1 21 15
246 1.0 1.1 1.1 20000 1.1 1.1 22 15
247 1.0 1.1 1.1 20000 1.1 1.1 23 15
248 1.0 1.1 1.1 20000 1.1 1.1 24 15
249 1.0 1.1 1.1 20000 1.1 1.1 25 15
250 1.0 1.1 1.1 20000 1.1 1.1 26 15
251 1.0 1.1 1.1 20000 1.1 1.1 27 15
252 1.0 1.1 1.1 20000 1.1 1.1 28 15
253 1.0 1.1 1.1 20000 1.1 1.1 29 15
254 1.0 1.1 1.1 20000 1.1 1.1 30 15
255 1.0 1.1 1.1 20000 1.1 1.1 31 15
256 1.0001 1.1 1.1 86 1.1 1.1 32 0
257 1.0001 1.1 1.1 86 1.1 1.1 33 0
258 1.0001 1.1 1.1 86 1.1 1.1 34 0
259 1.0001 1.1 1.1 86 1.1 1.1 35 0
260 1.0001 1.1 1.1 86 1.1 1.1 36 0
261 1.0001 1.1 1.1 86 1.1 1.1 37 0
262 1.0001 1.1 1.1 86 1.1 1.1 38 0
263 1.0001 1.1 1.1 86 1.1 1.1 39 0
264 1.0001 1.1 1.1 86 1.1 1.1 40 0
265 1.0001 1.1 1.1 86 1.1 1.1 41 0
266 1.0001 1.1 1.1 86 1.1 1.1 42 0
267 1.0001 1.1 1.1 86 1.1 1.1 43 0
268 1.0001 1.1 1.1 86 1.1 1.1 44 0
269 1.0001 1.1 1.1 86 1.1 1.1 45 0
270 1.0001 1.1 1.1 86 1.1 1.1 46 0
271 1.0001 1.1 1.1 86 1.1 1.1 47 0
272 1.0001 1.1 1.1 86 1.1 1.1 48 0
273 1.0001 1.1 1.1 86 1.1 1.1 49 0
274 1.0001 1.1 1.1 86 1.1 1.1 50 0
275 1.0001 1.1 1.1 86 1.1 1.1 51 0
276 1.0001 1.1 1.1 86 1.1 1.1 52 0
277 1.0001 1.1 1.1 86 1.1 1.1 53 0
278 1.0001 1.1 1.1 86 1.1 1.1 54 0
279 1.0001 1.1 1.1 86 1.1 1.1 55 0
280 1.0001 1.1 1.1 86 1.1 1.1 56 0
281 1.0001 1.1 1.1 86 1.1 1.1 57 0
282 1.0001 1.1 1.1 86 1.1 1.1 58 0
283 1.0001 1.1 1.1 86 1.1 1.1 59 0
284 1.0001 1.1 1.1 86 1.1 1.1 60 0
285 1.0001 1.1 1.1 86 1.1 1.1 61 0
286 1.0001 1.1 1.1 86 1.1 1.1 62 0
287 1.0001 1.1 1.1 86 1.1 1.1 63 0
288 1.0001 1.1 1.1 86 1.1 1.1 64 0
289 1.0001 1.1 1.1 86 1.1 1.1 65 0
290 1.0001 1.1 1.1 86 1.1 1.1 66 0
291 1.0001 1.1 1.1 86 1.1 1.1 67 0
292 1.0001 1.1 1.1 86 1.1 1.1 68 0
293 1.0001 1.1 1.1 86 1.1 1.1 69 0
294 1.0001 1.1 1.1 86 1.1 1.1 70 0
295 1.0001 1.1 1.1 86 1.1 1.1 71 0
296 1.0001 1.1 1.1 86 1.1 1.1 72 0
297 1.0001 1.1 1.1 86 1.1 1.1 73 0
298 1.0001 1.1 1.1 86 1.1 1.1 74 0
299 1.0001 1.1 1.1 86 1.1 1.1 75 0
300 1.0001 1.1 1.1 86 1.1 1.1 76 0
301 1.0001 1.1 1.1 86 1.1 1.1 77 0
302 1.0001 1.1 1.1 86 1.1 1.1 78 0
303 1.0001 1.1 1.1 86 1.1 1.1 79 0
304 1.0001 1.1 1.1 86 1.1 1.1 80 0
305 1.0001 1.1 1.1 86 1.1 1.1 81 0
306 1.0002 1.1 1.1 86 1.1 1.1 32 0
307 1.0002 1.1 1.1 86 1.1 1.1 33 0
308 1.0002 1.1 1.1 86 1.1 1.1 34 0
309 1.0002 1.1 1.1 86 1.1 1.1 35 0
310 1.0002 1.1 1.1 86 1.1 1.1 36 0
311 1.0002 1.1 1.1 86 1.1 1.1 37 0
312 1.0002 1.1 1.1 86 1.1 1.1 38 0
313 1.0002 1.1 1.1 86 1.1 1.1 39 0
314 1.0002 1.1 1.1 86 1.1 1.1 40 0
315 1.0002 1.1 1.1 86 1.1 1.1 41 0
316 1.0002 1.1 1.1 86 1.1 1.1 42 0
317 1.0002 1.1 1.1 86 1.1 1.1 43 0
318 1.0002 1.1 1.1 86 1.1 1.1 44 0
319 1.0002 1.1 1.1 86 1.1 1.1 45 0
320 1.0002 1.1 1.1 86 1.1 1.1 46 0
321 1.0002 1.1 1.1 86 1.1 1.1 47 0
322 1.0002 1.1 1.1 86 1.1 1.1 48 0
323 1.0002 1.1 1.1 86 1.1 1.1 49 0
324 1.0002 1.1 1.1 86 1.1 1.1 50 0
325 1.0002 1.1 1.1 86 1.1 1.1 51 0
326 1.0002 1.1 1.1 86 1.1 1.1 52 0
327 1.0002 1.1 1.1 86 1.1 1.1 53 0
328 1.0002 1.1 1.1 86 1.1 1.1 54 0
329 1.0002 1.1 1.1 86 1.1 1.1 55 0
330 1.0002 1.1 1.1 86 1.1 1.1 56 0
331 1.0002 1.1 1.1 86 1.1 1.1 57 0
332 1.0002 1.1 1.1 86 1.1 1.1 58 0
333 1.0002 1.1 1.1 86 1.1 1.1 59 0
334 1.0002 1.1 1.1 86 1.1 1.1 60 0
335 1.0002 1.1 1.1 86 1.1 1.1 61 0
336 1.0002 1.1 1.1 86 1.1 1.1 62 0
337 1.0002 1.1 1.1 86 1.1 1.1 63 0
338 1.0002 1.1 1.1 86 1.1 1.1 64 0
339 1.0002 1.1 1.1 86 1.1 1.1 65 0
340 1.0002 1.1 1.1 86 1.1 1.1 66 0
341 1.0002 1.1 1.1 86 1.1 1.1 67 0
342 1.0002 1.1 1.1 86 1.1 1.1 68 0
343 1.0002 1.1 1.1 86 1.1 1.1 69 0
344 1.0002 1.1 1.1 86 1.1 1.1 70 0
345 1.0002 1.1 1.1 86 1.1 1.1 71 0
346 1.0002 1.1 1.1 86 1.1 1.1 72 0
347 1.0002 1.1 1.1 86 1.1 1.1 73 0
348 1.0002 1.1 1.1 86 1.1 1.1 74 0
349 1.0002 1.1 1.1 86 1.1 1.1 75 0
350 1.0002 1.1 1.1 86 1.1 1.1 76 0
351 1.0002 1.1 1.1 86 1.1 1.1 77 0
352 1.0002 1.1 1.1 86 1.1 1.1 78 0
353 1.0002 1.1 1.1 86 1.1 1.1 79 0
354 1.0002 1.1 1.1 86 1.1 1.1 80 0
355 1.0002 1.1 1.1 86 1.1 1.1 81 0
356 1.0003 1.1 1.1 86 1.1 1.1 32 0
357 1.0003 1.1 1.1 86 1.1 1.1 33 0
358 1.0003 1.1 1.1 86 1.1 1.1 34 0
359 1.0003 1.1 1.1 86 1.1 1.1 35 0
360 1.0003 1.1 1.1 86 1.1 1.1 36 0
361 1.0003 1.1 1.1 86 1.1 1.1 37 0
362 1.0003 1.1 1.1 86 1.1 1.1 38 0
363 1.0003 1.1 1.1 86 1.1 1.1 39 0
364 1.0003 1.1 1.1 86 1.1 1.1 40 0
365 1.0003 1.1 1.1 86 1.1 1.1 41 0
366 1.0003 1.1 1.1 86 1.1 1.1 42 0
367 1.0003 1.1 1.1 86 1.1 1.1 43 0
368 1.0003 1.1 1.1 86 1.1 1.1 44 0
369 1.0003 1.1 1.1 86 1.1 1.1 45 0
370 1.0003 1.1 1.1 86 1.1 1.1 46 0
371 1.0003 1.1 1.1 86 1.1 1.1 47 0
372 1.0003 1.1 1.1 86 1.1 1.1 48 0
373 1.0003 1.1 1.1 86 1.1 1.1 49 0
374 1.0003 1.1 1.1 86 1.1 1.1 50 0
375 1.0003 1.1 1.1 86 1.1 1.1 51 0
376 1.0003 1.1 1.1 86 1.1 1.1 52 0
377 1.0003 1.1 1.1 86 1.1 1.1 53 0
378 1.0003 1.1 1.1 86 1.1 1.1 54 0
379 1.0003 1.1 1.1 86 1.1 1.1 55 0
380 1.0003 1.1 1.1 86 1.1 1.1 56 0
381 1.0003 1.1 1.1 86 1.1 1.1 57 0
382 1.0003 1.1 1.1 86 1.1 1.1 58 0
383 1.0003 1.1 1.1 86 1.1 1.1 59 0
384 1.0003 1.1 1.1 86 1.1 1.1 60 0
385 1.0003 1.1 1.1 86 1.1 1.1 61 0
386 1.0003 1.1 1.1 86 1.1 1.1 62 0
387 1.0003 1.1 1.1 86 1.1 1.1 63 0
388 1.0003 1.1 1.1 86 1.1 1.1 64 0
389 1.0003 1.1 1.1 86 1.1 1.1 65 0
390 1.0003 1.1 1.1 86 1.1 1.1 66 0
391 1.0003 1.1 1.1 86 1.1 1.1 67 0
392 1.0003 1.1 1.1 86 1.1 1.1 68 0
393 1.0003 1.1 1.1 86 1.1 1.1 69 0
394 1.0003 1.1 1.1 86 1.1 1.1 70 0
395 1.0003 1.1 1.1 86 1.1 1.1 71 0
396 1.0003 1.1 1.1 86 1.1 1.1 72 0
397 1.0003 1.1 1.1 86 1.1 1.1 73 0
398 1.0003 1.1 1.1 86 1.1 1.1 74 0
399 1.0003 1.1 1.1 86 1.1 1.1 75 0
400 1.0003 1.1 1.1 86 1.1 1.1 76 0
401 1.0003 1.1 1.1 86 1.1 1.1 77 0
402 1.0003 1.1 1.1 86 1.1 1.1 78 0
403 1.0003 1.1 1.1 86 1.1 1.1 79 0
404 1.0003 1.1 1.1 86 1.1 1.1 80 0
405 1.0003 1.1 1.1 86 1.1 1.1 81 0
406 1.0004 1.1 1.1 86 1.1 1.1 32 0
407 1.0004 1.1 1.1 86 1.1 1.1 33 0
408 1.0004 1.1 1.1 86 1.1 1.1 34 0
409 1.0004 1.1 1.1 86 1.1 1.1 35 0
410 1.0004 1.1 1.1 86 1.1 1.1 36 0
411 1.0004 1.1 1.1 86 1.1 1.1 37 0
412 1.0004 1.1 1.1 86 1.1 1.1 38 0
413 1.0004 1.1 1.1 86 1.1 1.1 39 0
414 1.0004 1.1 1.1 86 1.1 1.1 40 0
415 1.0004 1.1 1.1 86 1.1 1.1 41 0
416 1.0004 1.1 1.1 86 1.1 1.1 42 0
417 1.0004 1.1 1.1 86 1.1 1.1 43 0
418 1.0004 1.1 1.1 86 1.1 1.1 44 0
419 1.0004 1.1 1.1 86 1.1 1.1 45 0
420 1.0004 1.1 1.1 86 1.1 1.1 46 0
421 1.0004 1.1 1.1 86 1.1 1.1 47 0
422 1.0004 1.1 1.1 86 1.1 1.1 48 0
423 1.0004 1.1 1.1 86 1.1 1.1 49 0
424 1.0004 1.1 1.1 86 1.1 1.1 50 0
425 1.0004 1.1 1.1 86 1.1 1.1 51 0
426 1.0004 1.1 1.1 86 1.1 1.1 52 0
427 1.0004 1.1 1.1 86 1.1 1.1 53 0
428 1.0004 1.1 1.1 86 1.1 1.1 54 0
429 1.0004 1.1 1.1 86 1.1 1.1 55 0
430 1.0004 1.1 1.1 86 1.1 1.1 56 0
431 1.0004 1.1 1.1 86 1.1 1.1 57 0
432 1.0004 1.1 1.1 86 1.1 1.1 58 0
433 1.0004 1.1 1.1 86 1.1 1.1 59 0
434 1.0004 1.1 1.1 86 1.1 1.1 60 0
435 1.0004 1.1 1.1 86 1.1 1.1 61 0
436 1.0004 1.1 1.1 86 1.1 1.1 62 0
437 1.0004 1.1 1.1 86 1.1 1.1 63 0
438 1.0004 1.1 1.1 86 1.1 1.1 64 0
439 1.0004 1.1 1.1 86 1.1 1.1 65 0
440 1.0004 1.1 1.1 86 1.1 1.1 66 0
441 1.0004 1.1 1.1 86 1.1 1.1 67 0
442 1.0004 1.1 1.1 86 1.1 1.1 68 0
443 1.0004 1.1 1.1 86 1.1 1.1 69 0
444 1.0004 1.1 1.1 86 1.1 1.1 70 0
445 1.0004 1.1 1.1 86 1.1 1.1 71 0
446 1.0004 1.1 1.1 86 1.1 1.1 72 0
447 1.0004 1.1 1.1 86 1.1 1.1 73 0
448 1.0004 1.1 1.1 86 1.1 1.1 74 0
449 1.0004 1.1 1.1 86 1.1 1.1 75 0
450 1.0004 1.1 1.1 86 1.1 1.1 76 0
451 1.0004 1.1 1.1 86 1.1 1.1 77 0
452 1.0004 1.1 1.1 86 1.1 1.1 78 0
453 1.0004 1.1 1.1 86 1.1 1.1 79 0
454 1.0004 1.1 1.1 86 1.1 1.1 80 0
455 1.0004 1.1 1.1 86 1.1 1.1 81 0
456 1.0005 1.1 1.1 86 1.1 1.1 32 0
457 1.0005 1.1 1.1 86 1.1 1.1 33 0
458 1.0005 1.1 1.1 86 1.1 1.1 34 0
459 1.0005 1.1 1.1 86 1.1 1.1 35 0
460 1.0005 1.1 1.1 86 1.1 1.1 36 0
461 1.0005 1.1 1.1 86 1.1 1.1 37 0
462 1.0005 1.1 1.1 86 1.1 1.1 38 0
463 1.0005 1.1 1.1 86 1.1 1.1 39 0
464 1.0005 1.1 1.1 86 1.1 1.1 40 0
465 1.0005 1.1 1.1 86 1.1 1.1 41 0
466 1.0005 1.1 1.1 86 1.1 1.1 42 0
467 1.0005 1.1 1.1 86 1.1 1.1 43 0
468 1.0005 1.1 1.1 86 1.1 1.1 44 0
469 1.0005 1.1 1.1 86 1.1 1.1 45 0
470 1.0005 1.1 1.1 86 1.1 1.1 46 0
471 1.0005 1.1 1.1 86 1.1 1.1 47 0
472 1.0005 1.1 1.1 86 1.1 1.1 48 0
473 1.0005 1.1 1.1 86 1.1 1.1 49 0
474 1.0005 1.1 1.1 86 1.1 1.1 50 0
475 1.0005 1.1 1.1 86 1.1 1.1 51 0
476 1.0005 1.1 1.1 86 1.1 1.1 52 0
477 1.0005 1.1 1.1 86 1.1 1.1 53 0
478 1.0005 1.1 1.1 86 1.1 1.1 54 0
479 1.0005 1.1 1.1 86 1.1 1.1 55 0
480 1.0005 1.1 1.1 86 1.1 1.1 56 0
481 1.0005 1.1 1.1 86 1.1 1.1 57 0
482 1.0005 1.1 1.1 86 1.1 1.1 58 0
483 1.0005 1.1 1.1 86 1.1 1.1 59 0
484 1.0005 1.1 1.1 86 1.1 1.1 60 0
485 1.0005 1.1 1.1 86 1.1 1.1 61 0
486 1.0005 1.1 1.1 86 1.1 1.1 62 0
487 1.0005 1.1 1.1 86 1.1 1.1 63 0
488 1.0005 1.1 1.1 86 1.1 1.1 64 0
489 1.0005 1.1 1.1 86 1.1 1.1 65 0
490 1.0005 1.1 1.1 86 1.1 1.1 66 0
491 1.0005 1.1 1.1 86 1.1 1.1 67 0
492 1.0005 1.1 1.1 86 1.1 1.1 68 0
493 1.0005 1.1 1.1 86 1.1 1.1 69 0
494 1.0005 1.1 1.1 86 1.1 1.1 70 0
495 1.0005 1.1 1.1 86 1.1 1.1 71 0
496 1.0005 1.1 1.1 86 1.1 1.1 72 0
497 1.0005 1.1 1.1 86 1.1 1.1 73 0
498 1.0005 1.1 1.1 86 1.1 1.1 74 0
499 1.0005 1.1 1.1 86 1.1 1.1 75 0
500 1.0005 1.1 1.1 86 1.1 1.1 76 0
501 1.0005 1.1 1.1 86 1.1 1.1 77 0
502 1.0005 1.1 1.1 86 1.1 1.1 78 0
503 1.0005 1.1 1.1 86 1.1 1.1 79 0
504 1.0005 1.1 1.1 86 1.1 1.1 80 0
505 1.0005 1.1 1.1 86 1.1 1.1 81 0
506 1.0006 1.1 1.1 86 1.1 1.1 32 0
507 1.0006 1.1 1.1 86 1.1 1.1 33 0
508 1.0006 1.1 1.1 86 1.1 1.1 34 0
509 1.0006 1.1 1.1 86 1.1 1.1 35 0
510 1.0006 1.1 1.1 86 1.1 1.1 36 0
511 1.0006 1.1 1.1 86 1.1 1.1 37 0
512 1.0006 1.1 1.1 86 1.1 1.1 38 0
513 1.0006 1.1 1.1 86 1.1 1.1 39 0
514 1.0006 1.1 1.1 86 1.1 1.1 40 0
515 1.0006 1.1 1.1 86 1.1 1.1 41 0
516 1.0006 1.1 1.1 86 1.1 1.1 42 0
517 1.0006 1.1 1.1 86 1.1 1.1 43 0
518 1.0006 1.1 1.1 86 1.1 1.1 44 0
519 1.0006 1.1 1.1 86 1.1 1.1 45 0
520 1.0006 1.1 1.1 86 1.1 1.1 46 0
521 1.0006 1.1 1.1 86 1.1 1.1 47 0
522 1.0006 1.1 1.1 86 1.1 1.1 48 0
523 1.0006 1.1 1.1 86 1.1 1.1 49 0
524 1.0006 1.1 1.1 86 1.1 1.1 50 0
525 1.0006 1.1 1.1 86 1.1 1.1 51 0
526 1.0006 1.1 1.1 86 1.1 1.1 52 0
527 1.0006 1.1 1.1 86 1.1 1.1 53 0
528 1.0006 1.1 1.1 86 1.1 1.1 54 0
529 1.0006 1.1 1.1 86 1.1 1.1 55 0
530 1.0006 1.1 1.1 86 1.1 1.1 56 0
531 1.0006 1.1 1.1 86 1.1 1.1 57 0
532 1.0006 1.1 1.1 86 1.1 1.1 58 0
533 1.0006 1.1 1.1 86 1.1 1.1 59 0
534 1.0006 1.1 1.1 86 1.1 1.1 60 0
535 1.0006 1.1 1.1 86 1.1 1.1 61 0
536 1.0006 1.1 1.1 86 1.1 1.1 62 0
537 1.0006 1.1 1.1 86 1.1 1.1 63 0
538 1.0006 1.1 1.1 86 1.1 1.1 64 0
539 1.0006 1.1 1.1 86 1.1 1.1 65 0
540 1.0006 1.1 1.1 86 1.1 1.1 66 0
541 1.0006 1.1 1.1 86 1.1 1.1 67 0
542 1.0006 1.1 1.1 86 1.1 1.1 68 0
543 1.0006 1.1 1.1 86 1.1 1.1 69 0
544 1.0006 1.1 1.1 86 1.1 1.1 70 0
545 1.0006 1.1 1.1 86 1.1 1.1 71 0
546 1.0006 1.1 1.1 86 1.1 1.1 72 0
547 1.0006 1.1 1.1 86 1.1 1.1 73 0
548 1.0006 1.1 1.1 86 1.1 1.1 74 0
549 1.0006 1.1 1.1 86 1.1 1.1 75 0
550 1.0006 1.1 1.1 86 1.1 1.1 76 0
551 1.0006 1.1 1.1 86 1.1 1.1 77 0
552 1.0006 1.1 1.1 86 1.1 1.1 78 0
553 1.0006 1.1 1.1 86 1.1 1.1 79 0
554 1.0006 1.1 1.1 86 1.1 1.1 80 0
555 1.0006 1.1 1.1 86 1.1 1.1 81 0
556 1.003 1.1 1.1 86 1.1 1.1 32 0
557 1.003 1.1 1.1 86 1.1 1.1 33 0
558 1.003 1.1 1.1 86 1.1 1.1 34 0
559 1.003 1.1 1.1 86 1.1 1.1 35 0
560 1.003 1.1 1.1 86 1.1 1.1 36 0
561 1.003 1.1 1.1 86 1.1 1.1 37 0
562 1.003 1.1 1.1 86 1.1 1.1 38 0
563 1.003 1.1 1.1 86 1.1 1.1 39 0
564 1.003 1.1 1.1 86 1.1 1.1 40 0
565 1.003 1.1 1.1 86 1.1 1.1 41 0
566 1.003 1.1 1.1 86 1.1 1.1 42 0
567 1.003 1.1 1.1 86 1.1 1.1 43 0
568 1.003 1.1 1.1 86 1.1 1.1 44 0
569 1.003 1.1 1.1 86 1.1 1.1 45 0
570 1.003 1.1 1.1 86 1.1 1.1 46 0
571 1.003 1.1 1.1 86 1.1 1.1 47 0
572 1.003 1.1 1.1 86 1.1 1.1 48 0
573 1.003 1.1 1.1 86 1.1 1.1 49 0
574 1.003 1.1 1.1 86 1.1 1.1 50 0
575 1.003 1.1 1.1 86 1.1 1.1 51 0
576 1.003 1.1 1.1 86 1.1 1.1 52 0
577 1.003 1.1 1.1 86 1.1 1.1 53 0
578 1.003 1.1 1.1 86 1.1 1.1 54 0
579 1.003 1.1 1.1 86 1.1 1.1 55 0
580 1.003 1.1 1.1 86 1.1 1.1 56 0
581 1.003 1.1 1.1 86 1.1 1.1 57 0
582 1.003 1.1 1.1 86 1.1 1.1 58 0
583 1.003 1.1 1.1 86 1.1 1.1 59 0
584 1.003 1.1 1.1 86 1.1 1.1 60 0
585 1.003 1.1 1.1 86 1.1 1.1 61 0
586 1.003 1.1 1.1 86 1.1 1.1 62 0
587 1.003 1.1 1.1 86 1.1 1.1 63 0
588 1.003 1.1 1.1 86 1.1 1.1 64 0
589 1.003 1.1 1.1 86 1.1 1.1 65 0
590 1.003 1.1 1.1 86 1.1 1.1 66 0
591 1.003 1.1 1.1 86 1.1 1.1 67 0
592 1.003 1.1 1.1 86 1.1 1.1 68 0
593 1.003 1.1 1.1 86 1.1 1.1 69 0
594 1.003 1.1 1.1 86 1.1 1.1 70 0
595 1.003 1.1 1.1 86 1.1 1.1 71 0
596 1.003 1.1 1.1 86 1.1 1.1 72 0
597 1.003 1.1 1.1 86 1.1 1.1 73 0
598 1.003 1.1 1.1 86 1.1 1.1 74 0
599 1.003 1.1 1.1 86 1.1 1.1 75 0
600 1.003 1.1 1.1 86 1.1 1.1 76 0
601 1.003 1.1 1.1 86 1.1 1.1 77 0
602 1.003 1.1 1.1 86 1.1 1.1 78 0
603 1.003 1.1 1.1 86 1.1 1.1 79 0
604 1.003 1.1 1.1 86 1.1 1.1 80 0
605 1.003 1.1 1.1 86 1.1 1.1 81 0
606 1.0031 1.1 1.1 86 1.1 1.1 32 0
607 1.0031 1.1 1.1 86 1.1 1.1 33 0
608 1.0031 1.1 1.1 86 1.1 1.1 34 0
609 1.0031 1.1 1.1 86 1.1 1.1 35 0
610 1.0031 1.1 1.1 86 1.1 1.1 36 0
611 1.0031 1.1 1.1 86 1.1 1.1 37 0
612 1.0031 1.1 1.1 86 1.1 1.1 38 0
613 1.0031 1.1 1.1 86 1.1 1.1 39 0
614 1.0031 1.1 1.1 86 1.1 1.1 40 0
615 1.0031 1.1 1.1 86 1.1 1.1 41 0
616 1.0031 1.1 1.1 86 1.1 1.1 42 0
617 1.0031 1.1 1.1 86 1.1 1.1 43 0
618 1.0031 1.1 1.1 86 1.1 1.1 44 0
619 1.0031 1.1 1.1 86 1.1 1.1 45 0
620 1.0031 1.1 1.1 86 1.1 1.1 46 0
621 1.0031 1.1 1.1 86 1.1 1.1 47 0
622 1.0031 1.1 1.1 86 1.1 1.1 48 0
623 1.0031 1.1 1.1 86 1.1 1.1 49 0
624 1.0031 1.1 1.1 86 1.1 1.1 50 0
625 1.0031 1.1 1.1 86 1.1 1.1 51 0
626 1.0031 1.1 1.1 86 1.1 1.1 52 0
627 1.0031 1.1 1.1 86 1.1 1.1 53 0
628 1.0031 1.1 1.1 86 1.1 1.1 54 0
629 1.0031 1.1 1.1 86 1.1 1.1 55 0
630 1.0031 1.1 1.1 86 1.1 1.1 56 0
631 1.0031 1.1 1.1 86 1.1 1.1 57 0
632 1.0031 1.1 1.1 86 1.1 1.1 58 0
633 1.0031 1.1 1.1 86 1.1 1.1 59 0
634 1.0031 1.1 1.1 86 1.1 1.1 60 0
635 1.0031 1.1 1.1 86 1.1 1.1 61 0
636 1.0031 1.1 1.1 86 1.1 1.1 62 0
637 1.0031 1.1 1.1 86 1.1 1.1 63 0
638 1.0031 1.1 1.1 86 1.1 1.1 64 0
639 1.0031 1.1 1.1 86 1.1 1.1 65 0
640 1.0031 1.1 1.1 86 1.1 1.1 66 0
641 1.0031 1.1 1.1 86 1.1 1.1 67 0
642 1.0031 1.1 1.1 86 1.1 1.1 68 0
643 1.0031 1.1 1.1 86 1.1 1.1 69 0
644 1.0031 1.1 1.1 86 1.1 1.1 70 0
645 1.0031 1.1 1.1 86 1.1 1.1 71 0
646 1.0031 1.1 1.1 86 1.1 1.1 72 0
647 1.0031 1.1 1.1 86 1.1 1.1 73 0
648 1.0031 1.1 1.1 86 1.1 1.1 74 0
649 1.0031 1.1 1.1 86 1.1 1.1 75 0
650 1.0031 1.1 1.1 86 1.1 1.1 76 0
651 1.0031 1.1 1.1 86 1.1 1.1 77 0
652 1.0031 1.1 1.1 86 1.1 1.1 78 0
653 1.0031 1.1 1.1 86 1.1 1.1 79 0
654 1.0031 1.1 1.1 86 1.1 1.1 80 0
655 1.0031 1.1 1.1 86 1.1 1.1 81 0
656 1.0032 1.1 1.1 86 1.1 1.1 32 0
657 1.0032 1.1 1.1 86 1.1 1.1 33 0
658 1.0032 1.1 1.1 86 1.1 1.1 34 0
659 1.0032 1.1 1.1 86 1.1 1.1 35 0
660 1.0032 1.1 1.1 86 1.1 1.1 36 0
661 1.0032 1.1 1.1 86 1.1 1.1 37 0
662 1.0032 1.1 1.1 86 1.1 1.1 38 0
663 1.0032 1.1 1.1 86 1.1 1.1 39 0
664 1.0032 1.1 1.1 86 1.1 1.1 40 0
665 1.0032 1.1 1.1 86 1.1 1.1 41 0
666 1.0032 1.1 1.1 86 1.1 1.1 42 0
667 1.0032 1.1 1.1 86 1.1 1.1 43 0
668 1.0032 1.1 1.1 86 1.1 1.1 44 0
669 1.0032 1.1 1.1 86 1.1 1.1 45 0
670 1.0032 1.1 1.1 86 1.1 1.1 46 0
671 1.0032 1.1 1.1 86 1.1 1.1 47 0
672 1.0032 1.1 1.1 86 1.1 1.1 48 0
673 1.0032 1.1 1.1 86 1.1 1.1 49 0
674 1.0032 1.1 1.1 86 1.1 1.1 50 0
675 1.0032 1.1 1.1 86 1.1 1.1 51 0
676 1.0032 1.1 1.1 86 1.1 1.1 52 0
677 1.0032 1.1 1.1 86 1.1 1.1 53 0
678 1.0032 1.1 1.1 86 1.1 1.1 54 0
679 1.0032 1.1 1.1 86 1.1 1.1 55 0
680 1.0032 1.1 1.1 86 1.1 1.1 56 0
681 1.0032 1.1 1.1 86 1.1 1.1 57 0
682 1.0032 1.1 1.1 86 1.1 1.1 58 0
683 1.0032 1.1 1.1 86 1.1 1.1 59 0
684 1.0032 1.1 1.1 86 1.1 1.1 60 0
685 1.0032 1.1 1.1 86 1.1 1.1 61 0
686 1.0032 1.1 1.1 86 1.1 1.1 62 0
687 1.0032 1.1 1.1 86 1.1 1.1 63 0
688 1.0032 1.1 1.1 86 1.1 1.1 64 0
689 1.0032 1.1 1.1 86 1.1 1.1 65 0
690 1.0032 1.1 1.1 86 1.1 1.1 66 0
691 1.0032 1.1 1.1 86 1.1 1.1 67 0
692 1.0032 1.1 1.1 86 1.1 1.1 68 0
693 1.0032 1.1 1.1 86 1.1 1.1 69 0
694 1.0032 1.1 1.1 86 1.1 1.1 70 0
695 1.0032 1.1 1.1 86 1.1 1.1 71 0
696 1.0032 1.1 1.1 86 1.1 1.1 72 0
697 1.0032 1.1 1.1 86 1.1 1.1 73 0
698 1.0032 1.1 1.1 86 1.1 1.1 74 0
699 1.0032 1.1 1.1 86 1.1 1.1 75 0
700 1.0032 1.1 1.1 86 1.1 1.1 76 0
701 1.0032 1.1 1.1 86 1.1 1.1 77 0
702 1.0032 1.1 1.1 86 1.1 1.1 78 0
703 1.0032 1.1 1.1 86 1.1 1.1 79 0
704 1.0032 1.1 1.1 86 1.1 1.1 80 0
705 1.0032 1.1 1.1 86 1.1 1.1 81 0
706 1.0033 1.1 1.1 86 1.1 1.1 32 0
707 1.0033 1.1 1.1 86 1.1 1.1 33 0
708 1.0033 1.1 1.1 86 1.1 1.1 34 0
709 1.0033 1.1 1.1 86 1.1 1.1 35 0
710 1.0033 1.1 1.1 86 1.1 1.1 36 0
711 1.0033 1.1 1.1 86 1.1 1.1 37 0
712 1.0033 1.1 1.1 86 1.1 1.1 38 0
713 1.0033 1.1 1.1 86 1.1 1.1 39 0
714 1.0033 1.1 1.1 86 1.1 1.1 40 0
715 1.0033 1.1 1.1 86 1.1 1.1 41 0
716 1.0033 1.1 1.1 86 1.1 1.1 42 0
717 1.0033 1.1 1.1 86 1.1 1.1 43 0
718 1.0033 1.1 1.1 86 1.1 1.1 44 0
719 1.0033 1.1 1.1 86 1.1 1.1 45 0
720 1.0033 1.1 1.1 86 1.1 1.1 46 0
721 1.0033 1.1 1.1 86 1.1 1.1 47 0
722 1.0033 1.1 1.1 86 1.1 1.1 48 0
723 1.0033 1.1 1.1 86 1.1 1.1 49 0
724 1.0033 1.1 1.1 86 1.1 1.1 50 0
725 1.0033 1.1 1.1 86 1.1 1.1 51 0
726 1.0033 1.1 1.1 86 1.1 1.1 52 0
727 1.0033 1.1 1.1 86 1.1 1.1 53 0
728 1.0033 1.1 1.1 86 1.1 1.1 54 0
729 1.0033 1.1 1.1 86 1.1 1.1 55 0
730 1.0033 1.1 1.1 86 1.1 1.1 56 0
731 1.0033 1.1 1.1 86 1.1 1.1 57 0
732 1.0033 1.1 1.1 86 1.1 1.1 58 0
733 1.0033 1.1 1.1 86 1.1 1.1 59 0
734 1.0033 1.1 1.1 86 1.1 1.1 60 0
735 1.0033 1.1 1.1 86 1.1 1.1 61 0
736 1.0033 1.1 1.1 86 1.1 1.1 62 0
737 1.0033 1.1 1.1 86 1.1 1.1 63 0
738 1.0033 1.1 1.1 86 1.1 1.1 64 0
739 1.0033 1.1 1.1 86 1.1 1.1 65 0
740 1.0033 1.1 1.1 86 1.1 1.1 66 0
741 1.0033 1.1 1.1 86 1.1 1.1 67 0
742 1.0033 1.1 1.1 86 1.1 1.1 68 0
743 1.0033 1.1 1.1 86 1.1 1.1 69 0
744 1.0033 1.1 1.1 86 1.1 1.1 70 0
745 1.0033 1.1 1.1 86 1.1 1.1 71 0
746 1.0033 1.1 1.1 86 1.1 1.1 72 0
747 1.0033 1.1 1.1 86 1.1 1.1 73 0
748 1.0033 1.1 1.1 86 1.1 1.1 74 0
749 1.0033 1.1 1.1 86 1.1 1.1 75 0
750 1.0033 1.1 1.1 86 1.1 1.1 76 0
751 1.0033 1.1 1.1 86 1.1 1.1 77 0
752 1.0033 1.1 1.1 86 1.1 1.1 78 0
753 1.0033 1.1 1.1 86 1.1 1.1 79 0
754 1.0033 1.1 1.1 86 1.1 1.1 80 0
755 1.0033 1.1 1.1 86 1.1 1.1 81 0
756 1.0034 1.1 1.1 86 1.1 1.1 32 0
757 1.0034 1.1 1.1 86 1.1 1.1 33 0
758 1.0034 1.1 1.1 86 1.1 1.1 34 0
759 1.0034 1.1 1.1 86 1.1 1.1 35 0
760 1.0034 1.1 1.1 86 1.1 1.1 36 0
761 1.0034 1.1 1.1 86 1.1 1.1 37 0
762 1.0034 1.1 1.1 86 1.1 1.1 38 0
763 1.0034 1.1 1.1 86 1.1 1.1 39 0
764 1.0034 1.1 1.1 86 1.1 1.1 40 0
765 1.0034 1.1 1.1 86 1.1 1.1 41 0
766 1.0034 1.1 1.1 86 1.1 1.1 42 0
767 1.0034 1.1 1.1 86 1.1 1.1 43 0
768 1.0034 1.1 1.1 86 1.1 1.1 44 0
769 1.0034 1.1 1.1 86 1.1 1.1 45 0
770 1.0034 1.1 1.1 86 1.1 1.1 46 0
771 1.0034 1.1 1.1 86 1.1 1.1 47 0
772 1.0034 1.1 1.1 86 1.1 1.1 48 0
773 1.0034 1.1 1.1 86 1.1 1.1 49 0
774 1.0034 1.1 1.1 86 1.1 1.1 50 0
775 1.0034 1.1 1.1 86 1.1 1.1 51 0
776 1.0034 1.1 1.1 86 1.1 1.1 52 0
777 1.0034 1.1 1.1 86 1.1 1.1 53 0
778 1.0034 1.1 1.1 86 1.1 1.1 54 0
779 1.0034 1.1 1.1 86 1.1 1.1 55 0
780 1.0034 1.1 1.1 86 1.1 1.1 56 0
781 1.0034 1.1 1.1 86 1.1 1.1 57 0
782 1.0034 1.1 1.1 86 1.1 1.1 58 0
783 1.0034 1.1 1.1 86 1.1 1.1 59 0
784 1.0034 1.1 1.1 86 1.1 1.1 60 0
785 1.0034 1.1 1.1 86 1.1 1.1 61 0
786 1.0034 1.1 1.1 86 1.1 1.1 62 0
787 1.0034 1.1 1.1 86 1.1 1.1 63 0
788 1.0034 1.1 1.1 86 1.1 1.1 64 0
789 1.0034 1.1 1.1 86 1.1 1.1 65 0
790 1.0034 1.1 1.1 86 1.1 1.1 66 0
791 1.0034 1.1 1.1 86 1.1 1.1 67 0
792 1.0034 1.1 1.1 86 1.1 1.1 68 0
793 1.0034 1.1 1.1 86 1.1 1.1 69 0
794 1.0034 1.1 1.1 86 1.1 1.1 70 0
795 1.0034 1.1 1.1 86 1.1 1.1 71 0
796 1.0034 1.1 1.1 86 1.1 1.1 72 0
797 1.0034 1.1 1.1 86 1.1 1.1 73 0
798 1.0034 1.1 1.1 86 1.1 1.1 74 0
799 1.0034 1.1 1.1 86 1.1 1.1 75 0
800 1.0034 1.1 1.1 86 1.1 1.1 76 0
801 1.0034 1.1 1.1 86 1.1 1.1 77 0
802 1.0034 1.1 1.1 86 1.1 1.1 78 0
803 1.0034 1.1 1.1 86 1.1 1.1 79 0
804 1.0034 1.1 1.1 86 1.1 1.1 80 0
805 1.0034 1.1 1.1 86 1.1 1.1 81 0
806 1.0035 1.1 1.1 86 1.1 1.1 32 0
807 1.0035 1.1 1.1 86 1.1 1.1 33 0
808 1.0035 1.1 1.1 86 1.1 1.1 34 0
809 1.0035 1.1 1.1 86 1.1 1.1 35 0
810 1.0035 1.1 1.1 86 1.1 1.1 36 0
811 1.0035 1.1 1.1 86 1.1 1.1 37 0
812 1.0035 1.1 1.1 86 1.1 1.1 38 0
813 1.0035 1.1 1.1 86 1.1 1.1 39 0
814 1.0035 1.1 1.1 86 1.1 1.1 40 0
815 1.0035 1.1 1.1 86 1.1 1.1 41 0
816 1.0035 1.1 1.1 86 1.1 1.1 42 0
817 1.0035 1.1 1.1 86 1.1 1.1 43 0
818 1.0035 1.1 1.1 86 1.1 1.1 44 0
819 1.0035 1.1 1.1 86 1.1 1.1 45 0
820 1.0035 1.1 1.1 86 1.1 1.1 46 0
821 1.0035 1.1 1.1 86 1.1 1.1 47 0
822 1.0035 1.1 1.1 86 1.1 1.1 48 0
823 1.0035 1.1 1.1 86 1.1 1.1 49 0
824 1.0035 1.1 1.1 86 1.1 1.1 50 0
825 1.0035 1.1 1.1 86 1.1 1.1 51 0
826 1.0035 1.1 1.1 86 1.1 1.1 52 0
827 1.0035 1.1 1.1 86 1.1 1.1 53 0
828 1.0035 1.1 1.1 86 1.1 1.1 54 0
829 1.0035 1.1 1.1 86 1.1 1.1 55 0
830 1.0035 1.1 1.1 86 1.1 1.1 56 0
831 1.0035 1.1 1.1 86 1.1 1.1 57 0
832 1.0035 1.1 1.1 86 1.1 1.1 58 0
833 1.0035 1.1 1.1 86 1.1 1.1 59 0
834 1.0035 1.1 1.1 86 1.1 1.1 60 0
835 1.0035 1.1 1.1 86 1.1 1.1 61 0
836 1.0035 1.1 1.1 86 1.1 1.1 62 0
837 1.0035 1.1 1.1 86 1.1 1.1 63 0
838 1.0035 1.1 1.1 86 1.1 1.1 64 0
839 1.0035 1.1 1.1 86 1.1 1.1 65 0
840 1.0035 1.1 1.1 86 1.1 1.1 66 0
841 1.0035 1.1 1.1 86 1.1 1.1 67 0
842 1.0035 1.1 1.1 86 1.1 1.1 68 0
843 1.0035 1.1 1.1 86 1.1 1.1 69 0
844 1.0035 1.1 1.1 86 1.1 1.1 70 0
845 1.0035 1.1 1.1 86 1.1 1.1 71 0
846 1.0035 1.1 1.1 86 1.1 1.1 72 0
847 1.0035 1.1 1.1 86 1.1 1.1 73 0
848 1.0035 1.1 1.1 86 1.1 1.1 74 0
849 1.0035 1.1 1.1 86 1.1 1.1 75 0
850 1.0035 1.1 1.1 86 1.1 1.1 76 0
851 1.0035 1.1 1.1 86 1.1 1.1 77 0
852 1.0035 1.1 1.1 86 1.1 1.1 78 0
853 1.0035 1.1 1.1 86 1.1 1.1 79 0
854 1.0035 1.1 1.1 86 1.1 1.1 80 0
855 1.0035 1.1 1.1 86 1.1 1.1 81 0
856 1.0059 1.1 1.1 86 1.1 1.1 32 0
857 1.0059 1.1 1.1 86 1.1 1.1 33 0
858 1.0059 1.1 1.1 86 1.1 1.1 34 0
859 1.0059 1.1 1.1 86 1.1 1.1 35 0
860 1.0059 1.1 1.1 86 1.1 1.1 36 0
861 1.0059 1.1 1.1 86 1.1 1.1 37 0
862 1.0059 1.1 1.1 86 1.1 1.1 38 0
863 1.0059 1.1 1.1 86 1.1 1.1 39 0
864 1.0059 1.1 1.1 86 1.1 1.1 40 0
865 1.0059 1.1 1.1 86 1.1 1.1 41 0
866 1.0059 1.1 1.1 86 1.1 1.1 42 0
867 1.0059 1.1 1.1 86 1.1 1.1 43 0
868 1.0059 1.1 1.1 86 1.1 1.1 44 0
869 1.0059 1.1 1.1 86 1.1 1.1 45 0
870 1.0059 1.1 1.1 86 1.1 1.1 46 0
871 1.0059 1.1 1.1 86 1.1 1.1 47 0
872 1.0059 1.1 1.1 86 1.1 1.1 48 0
873 1.0059 1.1 1.1 86 1.1 1.1 49 0
874 1.0059 1.1 1.1 86 1.1 1.1 50 0
875 1.0059 1.1 1.1 86 1.1 1.1 51 0
876 1.0059 1.1 1.1 86 1.1 1.1 52 0
877 1.0059 1.1 1.1 86 1.1 1.1 53 0
878 1.0059 1.1 1.1 86 1.1 1.1 54 0
879 1.0059 1.1 1.1 86 1.1 1.1 55 0
880 1.0059 1.1 1.1 86 1.1 1.1 56 0
881 1.0059 1.1 1.1 86 1.1 1.1 57 0
882 1.0059 1.1 1.1 86 1.1 1.1 58 0
883 1.0059 1.1 1.1 86 1.1 1.1 59 0
884 1.0059 1.1 1.1 86 1.1 1.1 60 0
885 1.0059 1.1 1.1 86 1.1 1.1 61 0
886 1.0059 1.1 1.1 86 1.1 1.1 62 0
887 1.0059 1.1 1.1 86 1.1 1.1 63 0
888 1.0059 1.1 1.1 86 1.1 1.1 64 0
889 1.0059 1.1 1.1 86 1.1 1.1 65 0
890 1.0059 1.1 1.1 86 1.1 1.1 66 0
891 1.0059 1.1 1.1 86 1.1 1.1 67 0
892 1.0059 1.1 1.1 86 1.1 1.1 68 0
893 1.0059 1.1 1.1 86 1.1 1.1 69 0
894 1.0059 1.1 1.1 86 1.1 1.1 70 0
895 1.0059 1.1 1.1 86 1.1 1.1 71 0
896 1.0059 1.1 1.1 86 1.1 1.1 72 0
897 1.0059 1.1 1.1 86 1.1 1.1 73 0
898 1.0059 1.1 1.1 86 1.1 1.1 74 0
899 1.0059 1.1 1.1 86 1.1 1.1 75 0
900 1.0059 1.1 1.1 86 1.1 1.1 76 0
901 1.0059 1.1 1.1 86 1.1 1.1 77 0
902 1.0059 1.1 1.1 86 1.1 1.1 78 0
903 1.0059 1.1 1.1 86 1.1 1.1 79 0
904 1.0059 1.1 1.1 86 1.1 1.1 80 0
905 1.0059 1.1 1.1 86 1.1 1.1 81 0
906 1.006 1.1 1.1 86 1.1 1.1 32 0
907 1.006 1.1 1.1 86 1.1 1.1 33 0
908 1.006 1.1 1.1 86 1.1 1.1 34 0
909 1.006 1.1 1.1 86 1.1 1.1 35 0
910 1.006 1.1 1.1 86 1.1 1.1 36 0
911 1.006 1.1 1.1 86 1.1 1.1 37 0
912 1.006 1.1 1.1 86 1.1 1.1 38 0
913 1.006 1.1 1.1 86 1.1 1.1 39 0
914 1.006 1.1 1.1 86 1.1 1.1 40 0
915 1.006 1.1 1.1 86 1.1 1.1 41 0
916 1.006 1.1 1.1 86 1.1 1.1 42 0
917 1.006 1.1 1.1 86 1.1 1.1 43 0
918 1.006 1.1 1.1 86 1.1 1.1 44 0
919 1.006 1.1 1.1 86 1.1 1.1 45 0
920 1.006 1.1 1.1 86 1.1 1.1 46 0
921 1.006 1.1 1.1 86 1.1 1.1 47 0
922 1.006 1.1 1.1 86 1.1 1.1 48 0
923 1.006 1.1 1.1 86 1.1 1.1 49 0
924 1.006 1.1 1.1 86 1.1 1.1 50 0
925 1.006 1.1 1.1 86 1.1 1.1 51 0
926 1.006 1.1 1.1 86 1.1 1.1 52 0
927 1.006 1.1 1.1 86 1.1 1.1 53 0
928 1.006 1.1 1.1 86 1.1 1.1 54 0
929 1.006 1.1 1.1 86 1.1 1.1 55 0
930 1.006 1.1 1.1 86 1.1 1.1 56 0
931 1.006 1.1 1.1 86 1.1 1.1 57 0
932 1.006 1.1 1.1 86 1.1 1.1 58 0
933 1.006 1.1 1.1 86 1.1 1.1 59 0
934 1.006 1.1 1.1 86 1.1 1.1 60 0
935 1.006 1.1 1.1 86 1.1 1.1 61 0
936 1.006 1.1 1.1 86 1.1 1.1 62 0
937 1.006 1.1 1.1 86 1.1 1.1 63 0
938 1.006 1.1 1.1 86 1.1 1.1 64 0
939 1.006 1.1 1.1 86 1.1 1.1 65 0
940 1.006 1.1 1.1 86 1.1 1.1 66 0
941 1.006 1.1 1.1 86 1.1 1.1 67 0
942 1.006 1.1 1.1 86 1.1 1.1 68 0
943 1.006 1.1 1.1 86 1.1 1.1 69 0
944 1.006 1.1 1.1 86 1.1 1.1 70 0
945 1.006 1.1 1.1 86 1.1 1.1 71 0
946 1.006 1.1 1.1 86 1.1 1.1 72 0
947 1.006 1.1 1.1 86 1.1 1.1 73 0
948 1.006 1.1 1.1 86 1.1 1.1 74 0
949 1.006 1.1 1.1 86 1.1 1.1 75 0
950 1.006 1.1 1.1 86 1.1 1.1 76 0
951 1.006 1.1 1.1 86 1.1 1.1 77 0
952 1.006 1.1 1.1 86 1.1 1.1 78 0
953 1.006 1.1 1.1 86 1.1 1.1 79 0
954 1.006 1.1 1.1 86 1.1 1.1 80 0
955 1.006 1.1 1.1 86 1.1 1.1 81 0
956 1.0061 1.1 1.1 86 1.1 1.1 32 0
957 1.0061 1.1 1.1 86 1.1 1.1 33 0
958 1.0061 1.1 1.1 86 1.1 1.1 34 0
959 1.0061 1.1 1.1 86 1.1 1.1 35 0
960 1.0061 1.1 1.1 86 1.1 1.1 36 0
961 1.0061 1.1 1.1 86 1.1 1.1 37 0
962 1.0061 1.1 1.1 86 1.1 1.1 38 0
963 1.0061 1.1 1.1 86 1.1 1.1 39 0
964 1.0061 1.1 1.1 86 1.1 1.1 40 0
965 1.0061 1.1 1.1 86 1.1 1.1 41 0
966 1.0061 1.1 1.1 86 1.1 1.1 42 0
967 1.0061 1.1 1.1 86 1.1 1.1 43 0
968 1.0061 1.1 1.1 86 1.1 1.1 44 0
969 1.0061 1.1 1.1 86 1.1 1.1 45 0
970 1.0061 1.1 1.1 86 1.1 1.1 46 0
971 1.0061 1.1 1.1 86 1.1 1.1 47 0
972 1.0061 1.1 1.1 86 1.1 1.1 48 0
973 1.0061 1.1 1.1 86 1.1 1.1 49 0
974 1.0061 1.1 1.1 86 1.1 1.1 50 0
975 1.0061 1.1 1.1 86 1.1 1.1 51 0
976 1.0061 1.1 1.1 86 1.1 1.1 52 0
977 1.0061 1.1 1.1 86 1.1 1.1 53 0
978 1.0061 1.1 1.1 86 1.1 1.1 54 0
979 1.0061 1.1 1.1 86 1.1 1.1 55 0
980 1.0061 1.1 1.1 86 1.1 1.1 56 0
981 1.0061 1.1 1.1 86 1.1 1.1 57 0
982 1.0061 1.1 1.1 86 1.1 1.1 58 0
983 1.0061 1.1 1.1 86 1.1 1.1 59 0
984 1.0061 1.1 1.1 86 1.1 1.1 60 0
985 1.0061 1.1 1.1 86 1.1 1.1 61 0
986 1.0061 1.1 1.1 86 1.1 1.1 62 0
987 1.0061 1.1 1.1 86 1.1 1.1 63 0
988 1.0061 1.1 1.1 86 1.1 1.1 64 0
989 1.0061 1.1 1.1 86 1.1 1.1 65 0
990 1.0061 1.1 1.1 86 1.1 1.1 66 0
991 1.0061 1.1 1.1 86 1.1 1.1 67 0
992 1.0061 1.1 1.1 86 1.1 1.1 68 0
993 1.0061 1.1 1.1 86 1.1 1.1 69 0
994 1.0061 1.1 1.1 86 1.1 1.1 70 0
995 1.0061 1.1 1.1 86 1.1 1.1 71 0
996 1.0061 1.1 1.1 86 1.1 1.1 72 0
997 1.0061 1.1 1.1 86 1.1 1.1 73 0
998 1.0061 1.1 1.1 86 1.1 1.1 74 0
999 1.0061 1.1 1.1 86 1.1 1.1 75 0
1000 1.0061 1.1 1.1 86 1.1 1.1 76 0
1001 1.0061 1.1 1.1 86 1.1 1.1 77 0
1002 1.0061 1.1 1.1 86 1.1 1.1 78 0
1003 1.0061 1.1 1.1 86 1.1 1.1 79 0
1004 1.0061 1.1 1.1 86 1.1 1.1 80 0
1005 1.0061 1.1 1.1 86 1.1 1.1 81 0
1006 1.0062 1.1 1.1 86 1.1 1.1 32 0
1007 1.0062 1.1 1.1 86 1.1 1.1 33 0
1008 1.0062 1.1 1.1 86 1.1 1.1 34 0
1009 1.0062 1.1 1.1 86 1.1 1.1 35 0
1010 1.0062 1.1 1.1 86 1.1 1.1 36 0
1011 1.0062 1.1 1.1 86 1.1 1.1 37 0
1012 1.0062 1.1 1.1 86 1.1 1.1 38 0
1013 1.0062 1.1 1.1 86 1.1 1.1 39 0
1014 1.0062 1.1 1.1 86 1.1 1.1 40 0
1015 1.0062 1.1 1.1 86 1.1 1.1 41 0
1016 1.0062 1.1 1.1 86 1.1 1.1 42 0
1017 1.0062 1.1 1.1 86 1.1 1.1 43 0
1018 1.0062 1.1 1.1 86 1.1 1.1 44 0
1019 1.0062 1.1 1.1 86 1.1 1.1 45 0
1020 1.0062 1.1 1.1 86 1.1 1.1 46 0
1021 1.0062 1.1 1.1 86 1.1 1.1 47 0
1022 1.0062 1.1 1.1 86 1.1 1.1 48 0
1023 1.0062 1.1 1.1 86 1.1 1.1 49 0
1024 1.0062 1.1 1.1 86 1.1 1.1 50 0
1025 1.0062 1.1 1.1 86 1.1 1.1 51 0
1026 1.0062 1.1 1.1 86 1.1 1.1 52 0
1027 1.0062 1.1 1.1 86 1.1 1.1 53 0
1028 1.0062 1.1 1.1 86 1.1 1.1 54 0
1029 1.0062 1.1 1.1 86 1.1 1.1 55 0
1030 1.0062 1.1 1.1 86 1.1 1.1 56 0
1031 1.0062 1.1 1.1 86 1.1 1.1 57 0
1032 1.0062 1.1 1.1 86 1.1 1.1 58 0
1033 1.0062 1.1 1.1 86 1.1 1.1 59 0
1034 1.0062 1.1 1.1 86 1.1 1.1 60 0
1035 1.0062 1.1 1.1 86 1.1 1.1 61 0
1036 1.0062 1.1 1.1 86 1.1 1.1 62 0
1037 1.0062 1.1 1.1 86 1.1 1.1 63 0
1038 1.0062 1.1 1.1 86 1.1 1.1 64 0
1039 1.0062 1.1 1.1 86 1.1 1.1 65 0
1040 1.0062 1.1 1.1 86 1.1 1.1 66 0
1041 1.0062 1.1 1.1 86 1.1 1.1 67 0
1042 1.0062 1.1 1.1 86 1.1 1.1 68 0
1043 1.0062 1.1 1.1 86 1.1 1.1 69 0
1044 1.0062 1.1 1.1 86 1.1 1.1 70 0
1045 1.0062 1.1 1.1 86 1.1 1.1 71 0
1046 1.0062 1.1 1.1 86 1.1 1.1 72 0
1047 1.0062 1.1 1.1 86 1.1 1.1 73 0
1048 1.0062 1.1 1.1 86 1.1 1.1 74 0
1049 1.0062 1.1 1.1 86 1.1 1.1 75 0
1050 1.0062 1.1 1.1 86 1.1 1.1 76 0
1051 1.0062 1.1 1.1 86 1.1 1.1 77 0
1052 1.0062 1.1 1.1 86 1.1 1.1 78 0
1053 1.0062 1.1 1.1 86 1.1 1.1 79 0
1054 1.0062 1.1 1.1 86 1.1 1.1 80 0
1055 1.0062 1.1 1.1 86 1.1 1.1 81 0
