47 2096560 47 0 1000000.0000 1001857.8080 1857.8080 1724.9280 1.0770 1436/1436//0 0/0/0 9.8800 
23 2096560 139 0 1000000.0000 1003704.1257 3704.1257 1724.9280 2.1474 1436/1436//0 0/0/0 1856.1977 
16 2096560 74 0 1000000.0000 1005550.3794 5550.3794 1724.9280 3.2177 1436/1436//0 0/0/0 3702.4514 
24 2096560 132 0 1000000.0000 1007396.6971 7396.6971 1724.9280 4.2881 1436/1436//0 0/0/0 5548.7691 
48 2096560 102 0 1000000.0000 1009242.9509 9242.9509 1724.9280 5.3585 1436/1436//0 0/0/0 7395.0229 
33 2096560 122 0 1000000.0000 1011089.2686 11089.2686 1724.9280 6.4288 1436/1436//0 0/0/0 9241.3406 
3 2096560 41 0 1000000.0000 1012935.5223 12935.5223 1724.9280 7.4992 1436/1436//0 0/0/0 11087.5943 
49 2096560 100 0 1000000.0000 1014781.8400 14781.8400 1724.9280 8.5695 1436/1436//0 0/0/0 12933.8800 
25 2096560 69 0 1000000.0000 1016628.1257 16628.1257 1724.9280 9.6399 1436/1436//0 0/0/0 14780.1657 
0 2096560 2 0 1000000.0000 1018473.1314 18473.1314 1724.0960 10.7147 1436/1436//0 0/0/0 16626.0354 
39 2096560 111 0 1000000.0000 1020320.6971 20320.6971 1724.9280 11.7806 1436/1436//0 0/0/0 18472.7691 
12 2096560 83 0 1000000.0000 1022166.9829 22166.9829 1724.9280 12.8510 1436/1436//0 0/0/0 20319.0229 
13 2096560 78 0 1000000.0000 1024013.2366 24013.2366 1724.9280 13.9213 1436/1436//0 0/0/0 22165.3086 
5 2096560 143 0 1000000.0000 1025859.5223 25859.5223 1724.9280 14.9917 1436/1436//0 0/0/0 24011.6263 
7 2096560 39 0 1000000.0000 1027705.8080 27705.8080 1724.9280 16.0620 1436/1436//0 0/0/0 25857.8800 
44 2096560 49 0 1000000.0000 1029552.1257 29552.1257 1724.9280 17.1324 1436/1436//0 0/0/0 27704.1977 
19 2096560 5 0 1000000.0000 1031397.1314 31397.1314 1724.0960 18.2108 1436/1436//0 0/0/0 29550.0354 
28 2096560 30 0 1000000.0000 1033244.6651 33244.6651 1724.9280 19.2731 1436/1436//0 0/0/0 31396.7691 
4 2096560 97 0 1000000.0000 1035090.9829 35090.9829 1724.9280 20.3434 1436/1436//0 0/0/0 33243.0549 
20 2096560 15 0 1000000.0000 1036935.9886 36935.9886 1724.0960 21.4234 1436/1436//0 0/0/0 35088.8926 
37 2096560 54 0 1000000.0000 1038783.5223 38783.5223 1724.9280 22.4841 1436/1436//0 0/0/0 36935.6263 
17 2096560 142 0 1000000.0000 1040629.8400 40629.8400 1724.9280 23.5545 1436/1436//0 0/0/0 38781.8800 
9 2096560 84 0 1000000.0000 1042476.1257 42476.1257 1724.9280 24.6249 1436/1436//0 0/0/0 40628.1657 
15 2096560 77 0 1000000.0000 1044322.4114 44322.4114 1724.9280 25.6952 1436/1436//0 0/0/0 42474.4514 
10 2096560 16 0 1000000.0000 1046168.6651 46168.6651 1724.9280 26.7656 1436/1436//0 0/0/0 44320.7371 
46 2096560 103 0 1000000.0000 1048014.9509 48014.9509 1724.9280 27.8359 1436/1436//0 0/0/0 46167.0549 
38 2096560 117 0 1000000.0000 1049861.2686 49861.2686 1724.9280 28.9063 1436/1436//0 0/0/0 48013.3406 
32 2096560 57 0 1000000.0000 1051707.5223 51707.5223 1724.9280 29.9766 1436/1436//0 0/0/0 49859.5943 
35 2096560 14 0 1000000.0000 1053552.5600 53552.5600 1724.0960 31.0612 1436/1436//0 0/0/0 51705.4640 
34 2096560 118 0 1000000.0000 1055400.1257 55400.1257 1724.9280 32.1174 1436/1436//0 0/0/0 53552.1977 
2 2096560 18 0 1000000.0000 1057246.3794 57246.3794 1724.9280 33.1877 1436/1436//0 0/0/0 55398.4514 
14 2096560 33 0 1000000.0000 1059092.6651 59092.6651 1724.9280 34.2580 1436/1436//0 0/0/0 57244.7691 
8 2096560 88 0 1000000.0000 1060938.9509 60938.9509 1724.9280 35.3284 1436/1436//0 0/0/0 59091.0549 
42 2096560 108 0 1000000.0000 1062785.2686 62785.2686 1724.9280 36.3988 1436/1436//0 0/0/0 60937.3406 
40 2096560 51 0 1000000.0000 1064631.5223 64631.5223 1724.9280 37.4691 1436/1436//0 0/0/0 62783.5943 
29 2096560 62 0 1000000.0000 1066477.8400 66477.8400 1724.9280 38.5395 1436/1436//0 0/0/0 64629.8800 
1 2096560 13 0 1000000.0000 1068322.8457 68322.8457 1724.0960 39.6282 1436/1436//0 0/0/0 66475.7497 
27 2096560 129 0 1000000.0000 1070170.3794 70170.3794 1724.9280 40.6802 1436/1436//0 0/0/0 68322.4834 
26 2096560 130 0 1000000.0000 1072016.6971 72016.6971 1724.9280 41.7506 1436/1436//0 0/0/0 70168.7691 
6 2096560 89 0 1000000.0000 1073862.9829 73862.9829 1724.9280 42.8209 1436/1436//0 0/0/0 72015.0229 
22 2096560 70 0 1000000.0000 1075709.2366 75709.2366 1724.9280 43.8912 1436/1436//0 0/0/0 73861.3086 
41 2096560 110 0 1000000.0000 1077555.5223 77555.5223 1724.9280 44.9616 1436/1436//0 0/0/0 75707.6263 
31 2096560 126 0 1000000.0000 1079401.8080 79401.8080 1724.9280 46.0320 1436/1436//0 0/0/0 77553.8800 
18 2096560 141 0 1000000.0000 1081248.1257 81248.1257 1724.9280 47.1023 1436/1436//0 0/0/0 79400.1977 
30 2096560 128 0 1000000.0000 1083094.4114 83094.4114 1724.9280 48.1727 1436/1436//0 0/0/0 81246.4514 
21 2096560 31 0 1000000.0000 1084940.6971 84940.6971 1724.9280 49.2430 1436/1436//0 0/0/0 83092.7371 
43 2096560 19 0 1000000.0000 1086786.9509 86786.9509 1724.9280 50.3134 1436/1436//0 0/0/0 84939.0229 
45 2096560 105 0 1000000.0000 1088633.2686 88633.2686 1724.9280 51.3837 1436/1436//0 0/0/0 86785.3406 
11 2096560 36 0 1000000.0000 1090479.5223 90479.5223 1724.9280 52.4541 1436/1436//0 0/0/0 88631.5943 
36 2096560 27 0 1000000.0000 1092325.8080 92325.8080 1724.9280 53.5244 1436/1436//0 0/0/0 90477.8800 
2019-01-11.16:36:23 Simulator ended. Execution time: 0.000000000 seconds
