0 419020 55 0 1000564.0717 1000658.8387 94.7670 87.7320 1.0802 287/287//287 0/0/0 3.2643 
1 73000 113 0 1001263.5880 1001283.2681 19.6800 16.6320 1.1833 50/50//50 0/0/0 3.0480 
3 1141720 115 0 1001581.8398 1001845.0078 263.1680 236.2320 1.1140 782/782//782 0/0/0 16.2168 
5 23360 9 0 1002338.2092 1002343.9607 5.7514 5.6240 1.0227 16/16//16 0/0/0 0.0080 
4 248200 113 0 1002337.4473 1002398.6784 61.2311 52.6320 1.1634 170/170//170 0/0/0 1.9774 
7 48180 70 0 1002740.3721 1002764.1827 23.8105 11.5320 2.0647 33/33//33 0/0/0 12.2785 
2 5991840 113 0 1001368.3063 1002985.5295 1617.2231 1232.8320 1.3118 4104/4104//4104 0/0/0 2.7297 
6 2068820 55 0 1002721.4825 1003433.9350 712.4525 426.7320 1.6696 1417/1417//1417 0/0/0 265.0535 
8 8760 115 0 1005763.6672 1005767.1072 3.4400 3.4320 1.0023 6/6//6 0/0/0 0.0080 
9 20440 115 0 1005765.9693 1005771.8093 5.8400 5.8320 1.0014 14/14//14 0/0/0 0.0080 
11 27740 55 0 1006686.8616 1006697.3680 10.5065 7.3320 1.4330 19/19//19 0/0/0 3.1744 
12 75920 70 0 1007108.5422 1007144.6681 36.1258 17.2320 2.0964 52/52//52 0/0/0 18.8938 
10 3087900 9 0 1006587.1143 1007283.2560 696.1418 635.3240 1.0957 2115/2115//2115 0/0/0 1.7177 
14 1667320 9 0 1007635.3422 1007997.5560 362.2138 343.4240 1.0547 1142/1142//1142 0/0/0 2.1037 
15 1654180 55 0 1007649.8176 1008357.9755 708.1579 341.5320 2.0735 1133/1133//1133 0/0/0 349.7184 
17 37960 9 0 1009006.7398 1009023.1643 16.4245 8.6240 1.9045 26/26//26 0/0/0 7.8005 
16 4619440 70 0 1008619.0513 1009644.4746 1025.4233 950.8320 1.0784 3164/3164//3164 0/0/0 17.9191 
20 8760 115 0 1009823.9578 1009827.6680 3.7102 3.4320 1.0811 6/6//6 0/0/0 0.0080 
18 6188940 9 0 1009463.5613 1010981.9561 1518.3947 1272.5240 1.1932 4239/4239//4239 0/0/0 181.6707 
21 687660 55 0 1010983.2937 1011134.2565 150.9628 142.9320 1.0562 471/471//471 0/0/0 1.8423 
22 37960 113 0 1011144.1438 1011169.9345 25.7907 9.4320 2.7344 26/26//26 0/0/0 16.3587 
23 8760 55 0 1011232.0397 1011235.4914 3.4517 3.4320 1.0057 6/6//6 0/0/0 0.0197 
24 8760 70 0 1011317.1756 1011320.8644 3.6888 3.4320 1.0748 6/6//6 0/0/0 0.0080 
19 8295720 55 0 1009608.8494 1012944.2037 3335.3544 1706.2320 1.9548 5682/5682//5682 0/0/0 1375.0866 
27 93440 115 0 1013352.0376 1013395.4644 43.4268 20.8320 2.0846 64/64//64 0/0/0 22.5947 
26 3432460 55 0 1013124.1708 1013911.9216 787.7508 706.9320 1.1143 2351/2351//2351 0/0/0 23.4345 
28 1559280 70 0 1014385.6452 1014730.1328 344.4876 322.0320 1.0697 1068/1068//1068 0/0/0 6.5954 
29 722700 9 0 1015160.1057 1015341.2560 181.1503 149.3240 1.2131 495/495//495 0/0/0 24.7653 
30 8760 115 0 1015449.1810 1015452.9067 3.7258 3.4320 1.0856 6/6//6 0/0/0 0.2938 
13 11534000 115 0 1007194.2143 1016073.8149 8879.6006 2371.6320 3.7441 7900/7900//7900 0/0/0 90.7217 
32 1178220 55 0 1015951.8586 1016331.0448 379.1861 243.7320 1.5558 807/807//807 0/0/0 123.3774 
34 39420 9 0 1016511.8494 1016542.8262 30.9768 8.9240 3.4712 27/27//27 0/0/0 22.0528 
33 1349040 70 0 1015968.9380 1016634.7411 665.8031 278.8320 2.3878 924/924//924 0/0/0 363.6980 
35 11680 70 0 1016923.7671 1016927.9105 4.1434 4.0320 1.0276 8/8//8 0/0/0 0.1114 
37 33580 115 0 1017217.0518 1017252.9082 35.8563 8.5320 4.2026 23/23//23 0/0/0 27.3243 
40 175200 113 0 1017515.0860 1017556.1425 41.0565 37.6320 1.0910 120/120//120 0/0/0 2.0652 
39 870160 113 0 1017419.8691 1017651.1459 231.2768 180.4320 1.2818 596/596//596 0/0/0 1.8370 
36 4285100 113 0 1017019.1872 1018208.5721 1189.3849 882.1320 1.3483 2935/2935//2935 0/0/0 23.8123 
43 2376880 70 0 1018679.6125 1019203.0536 523.4410 490.0320 1.0682 1628/1628//1628 0/0/0 9.2235 
45 20440 9 0 1019556.0428 1019561.0828 5.0400 5.0240 1.0032 14/14//14 0/0/0 0.0080 
38 4672000 9 0 1017312.3205 1019737.4753 2425.1548 960.8240 2.5240 3200/3200//3200 0/0/0 897.3115 
48 55480 115 0 1020370.8024 1020406.5667 35.7643 13.0320 2.7443 38/38//38 0/0/0 22.7323 
41 3660220 113 0 1018412.7699 1020568.8237 2156.0537 753.7320 2.8605 2507/2507//2507 0/0/0 1350.6661 
49 26280 55 0 1020611.2376 1020627.2946 16.0570 7.0320 2.2834 18/18//18 0/0/0 9.0249 
50 29200 70 0 1021050.5785 1021064.3837 13.8052 7.6320 1.8089 20/20//20 0/0/0 6.1732 
51 21900 113 0 1021122.4136 1021128.6026 6.1890 6.1320 1.0093 15/15//15 0/0/0 0.0490 
52 26280 55 0 1021126.3809 1021153.7779 27.3970 7.0320 3.8960 18/18//18 0/0/0 20.3650 
53 52560 115 0 1021394.8746 1021419.3696 24.4950 12.4320 1.9703 36/36//36 0/0/0 12.0629 
47 4312840 113 0 1020171.2644 1021549.2244 1377.9600 887.8320 1.5521 2954/2954//2954 0/0/0 398.5716 
31 7079540 70 0 1015815.5469 1022690.1490 6874.6021 1456.3320 4.7205 4849/4849//4849 0/0/0 820.3891 
55 8760 70 0 1022773.0044 1022776.6515 3.6470 3.4320 1.0626 6/6//6 0/0/0 0.0080 
54 5339220 55 0 1022380.4368 1023845.9233 1465.4866 1098.7320 1.3338 3657/3657//3657 0/0/0 310.6992 
56 1562200 9 0 1023757.4226 1024184.6560 427.2334 321.8240 1.3275 1070/1070//1070 0/0/0 89.8094 
58 45260 70 0 1024275.4622 1024289.4099 13.9477 10.9320 1.2759 31/31//31 0/0/0 1.9573 
59 42340 9 0 1024601.4182 1024627.4242 26.0060 9.5240 2.7306 29/29//29 0/0/0 16.4820 
60 21900 113 0 1024703.2347 1024709.4194 6.1848 6.1320 1.0086 15/15//15 0/0/0 0.0080 
61 23360 70 0 1024891.5646 1024898.1608 6.5962 6.4320 1.0255 16/16//16 0/0/0 0.1642 
44 5629760 70 0 1019491.4435 1025439.2392 5947.7957 1158.4320 5.1344 3856/3856//3856 0/0/0 4694.5925 
62 1286260 115 0 1025190.6368 1025720.0112 529.3745 265.9320 1.9906 881/881//881 0/0/0 249.9992 
63 1883400 113 0 1025852.0972 1026280.6036 428.5064 388.6320 1.1026 1290/1290//1290 0/0/0 20.5388 
46 6266320 9 0 1019665.2082 1027457.3561 7792.1479 1288.4240 6.0478 4292/4292//4292 0/0/0 72.6238 
64 1411820 9 0 1027219.1749 1027764.2560 545.0811 290.9240 1.8736 967/967//967 0/0/0 239.7571 
66 75920 70 0 1028916.3274 1028942.7299 26.4025 17.2320 1.5322 52/52//52 0/0/0 9.1705 
42 6533500 55 0 1018642.6058 1029195.4872 10552.8814 1344.1320 7.8511 4475/4475//4475 0/0/0 9123.6302 
67 21900 115 0 1029631.1495 1029637.5680 6.4186 6.1320 1.0467 15/15//15 0/0/0 0.0080 
68 1290640 113 0 1029718.4505 1030010.3112 291.8607 266.8320 1.0938 884/884//884 0/0/0 11.5855 
70 1554900 113 0 1030618.5456 1030978.7386 360.1930 321.1320 1.1216 1065/1065//1065 0/0/0 23.1904 
71 8760 115 0 1031070.9947 1031074.5681 3.5733 3.4320 1.0412 6/6//6 0/0/0 0.0080 
57 7300000 9 0 1023790.2952 1031397.5560 7607.2608 1500.8240 5.0687 5000/5000//5000 0/0/0 5405.6368 
72 8760 115 0 1032469.0994 1032472.7984 3.6990 3.4320 1.0778 6/6//6 0/0/0 0.0080 
73 18980 70 0 1032630.3762 1032636.0525 5.6763 5.5320 1.0261 13/13//13 0/0/0 0.0080 
65 8349740 55 0 1027239.6521 1033207.6005 5967.9484 1717.3320 3.4751 5719/5719//5719 0/0/0 4159.8839 
74 2521420 9 0 1032774.0823 1033752.2561 978.1737 518.9240 1.8850 1727/1727//1727 0/0/0 434.0497 
76 10220 9 0 1033964.2244 1033967.3414 3.1170 2.9240 1.0660 7/7//7 0/0/0 0.0080 
77 18980 9 0 1033964.2382 1033976.3414 12.1033 4.7240 2.5621 13/13//13 0/0/0 2.1023 
75 1514020 55 0 1033542.9608 1034086.5761 543.6154 312.7320 1.7383 1037/1037//1037 0/0/0 210.9752 
78 8760 9 0 1034213.6498 1034216.5818 2.9320 2.6240 1.1174 6/6//6 0/0/0 0.0080 
79 8760 9 0 1034218.3637 1034221.2604 2.8967 2.6240 1.1039 6/6//6 0/0/0 0.0080 
80 8760 70 0 1034285.0365 1034288.5877 3.5512 3.4320 1.0347 6/6//6 0/0/0 0.0080 
82 14600 9 0 1035629.6823 1035633.5143 3.8320 3.8240 1.0021 10/10//10 0/0/0 0.0080 
83 46720 113 0 1035688.7787 1035719.9680 31.1893 11.2320 2.7768 32/32//32 0/0/0 19.9573 
81 6470720 9 0 1034514.9650 1035935.9560 1420.9910 1330.4240 1.0681 4432/4432//4432 0/0/0 6.2722 
84 2521420 113 0 1035883.4373 1036482.2960 598.8587 519.7320 1.1522 1727/1727//1727 0/0/0 53.8987 
69 9552780 115 0 1030114.4251 1038117.1681 8002.7430 1964.5320 4.0736 6543/6543//6543 0/0/0 3973.4109 
85 115340 113 0 1038074.4757 1038143.3681 68.8923 25.3320 2.7196 79/79//79 0/0/0 43.5603 
86 59860 115 0 1038161.0140 1038184.3337 23.3197 13.9320 1.6738 41/41//41 0/0/0 9.3877 
87 8760 115 0 1038962.9596 1038966.4824 3.5227 3.4320 1.0264 6/6//6 0/0/0 0.0080 
88 1531540 113 0 1039241.9340 1039577.9337 335.9998 316.3320 1.0622 1049/1049//1049 0/0/0 3.8076 
91 419020 115 0 1040317.9189 1040427.0905 109.1716 87.7320 1.2444 287/287//287 0/0/0 17.9641 
25 10145540 55 0 1012904.0115 1040778.5338 27874.5223 2086.3320 13.3605 6949/6949//6949 0/0/0 25241.0246 
92 1438100 55 0 1040492.1591 1041091.8841 599.7250 297.1320 2.0184 985/985//985 0/0/0 288.0769 
97 70080 55 0 1041144.3203 1041162.2914 17.9712 16.0320 1.1210 48/48//48 0/0/0 1.9391 
95 1400140 55 0 1040926.9057 1041413.5872 486.6815 289.3320 1.6821 959/959//959 0/0/0 166.5303 
99 8760 9 0 1041841.9204 1041844.8309 2.9105 2.6240 1.1092 6/6//6 0/0/0 0.0080 
94 2852840 55 0 1040882.4496 1042033.3683 1150.9186 587.8320 1.9579 1954/1954//1954 0/0/0 532.2864 
100 23360 113 0 1042039.0583 1042045.7760 6.7177 6.4320 1.0444 16/16//16 0/0/0 0.2857 
98 2822180 113 0 1041787.2249 1042654.8035 867.5786 581.5320 1.4919 1933/1933//1933 0/0/0 247.6111 
101 21900 9 0 1042764.4746 1042769.9027 5.4281 5.3240 1.0196 15/15//15 0/0/0 0.0080 
102 30660 113 0 1043029.2752 1043046.5499 17.2747 7.9320 2.1779 21/21//21 0/0/0 9.3427 
103 21900 9 0 1043525.6284 1043531.1359 5.5074 5.3240 1.0345 15/15//15 0/0/0 0.0080 
90 4212100 55 0 1039870.4523 1043585.0792 3714.6269 867.1320 4.2838 2885/2885//2885 0/0/0 2785.3837 
93 6631320 9 0 1040685.2804 1045016.6641 4331.3837 1363.4240 3.1768 4542/4542//4542 0/0/0 2900.7516 
104 452600 55 0 1045012.4202 1045116.7411 104.3209 94.6320 1.1024 310/310//310 0/0/0 5.9158 
105 592760 113 0 1045409.0205 1045550.2564 141.2359 123.4320 1.1442 406/406//406 0/0/0 11.6155 
107 103660 113 0 1046846.6555 1046884.5801 37.9246 22.9320 1.6538 71/71//71 0/0/0 14.9925 
108 8760 115 0 1047464.2720 1047467.8706 3.5986 3.4320 1.0485 6/6//6 0/0/0 0.0080 
109 181040 113 0 1047551.6106 1047608.2925 56.6819 38.8320 1.4597 124/124//124 0/0/0 16.4914 
110 59860 113 0 1047674.1779 1047699.1498 24.9719 13.9320 1.7924 41/41//41 0/0/0 11.0399 
106 10684280 70 0 1046012.5657 1048419.1973 2406.6317 2197.0320 1.0954 7318/7318//7318 0/0/0 17.3703 
112 8760 70 0 1048735.5466 1048739.1682 3.6216 3.4320 1.0552 6/6//6 0/0/0 0.0080 
114 21900 9 0 1049091.1492 1049096.4884 5.3392 5.3240 1.0028 15/15//15 0/0/0 0.0080 
113 191260 115 0 1049072.7777 1049124.0508 51.2731 40.9320 1.2526 131/131//131 0/0/0 4.7746 
111 3339020 55 0 1048216.3853 1049191.1834 974.7981 687.7320 1.4174 2287/2287//2287 0/0/0 203.9507 
115 67160 115 0 1049463.0560 1049485.1681 22.1120 15.4320 1.4329 46/46//46 0/0/0 6.6800 
116 29200 9 0 1049930.4915 1049938.4641 7.9725 6.8240 1.1683 20/20//20 0/0/0 1.1485 
117 16060 55 0 1049999.5837 1050004.5680 4.9844 4.9320 1.0106 11/11//11 0/0/0 0.0080 
118 8760 113 0 1050005.1982 1050008.7760 3.5778 3.4320 1.0425 6/6//6 0/0/0 0.0080 
119 943160 9 0 1050656.9135 1050862.1560 205.2425 194.6240 1.0546 646/646//646 0/0/0 1.0265 
121 16060 55 0 1051015.9826 1051020.9680 4.9854 4.9320 1.0108 11/11//11 0/0/0 0.0080 
122 405880 115 0 1051024.6525 1051132.6435 107.9909 85.0320 1.2700 278/278//278 0/0/0 19.1835 
120 487640 70 0 1051012.6055 1051240.4987 227.8932 101.8320 2.2379 334/334//334 0/0/0 121.2305 
123 33580 9 0 1051501.1372 1051509.8641 8.7269 7.7240 1.1298 23/23//23 0/0/0 1.0028 
124 18980 115 0 1051695.7884 1051701.3680 5.5797 5.5320 1.0086 13/13//13 0/0/0 0.0080 
126 23360 113 0 1051891.9402 1051898.6802 6.7400 6.4320 1.0479 16/16//16 0/0/0 0.0080 
127 8760 55 0 1052076.5869 1052080.0798 3.4929 3.4320 1.0177 6/6//6 0/0/0 0.0080 
125 855560 115 0 1051872.0445 1052085.7798 213.7352 177.4320 1.2046 586/586//586 0/0/0 21.3915 
129 8760 115 0 1052783.3560 1052787.0681 3.7120 3.4320 1.0816 6/6//6 0/0/0 0.0080 
130 40880 9 0 1052949.9137 1052960.0641 10.1504 9.2240 1.1004 28/28//28 0/0/0 0.9263 
128 4206260 9 0 1052144.0351 1053065.6560 921.6209 865.1240 1.0653 2881/2881//2881 0/0/0 1.0049 
131 182500 113 0 1053240.3281 1053283.9337 43.6056 39.1320 1.1143 125/125//125 0/0/0 3.1079 
132 26280 70 0 1053276.2302 1053291.8680 15.6378 7.0320 2.2238 18/18//18 0/0/0 8.6058 
133 26280 70 0 1053819.4136 1053854.3680 34.9544 7.0320 4.9708 18/18//18 0/0/0 27.9224 
96 18555140 9 0 1040975.1796 1054036.4560 13061.2764 3813.5240 3.4250 12709/12709//12709 0/0/0 4142.6524 
134 17520 113 0 1054108.1077 1054113.3681 5.2604 5.2320 1.0054 12/12//12 0/0/0 0.0080 
135 8760 9 0 1054127.5104 1054130.3640 2.8536 2.6240 1.0875 6/6//6 0/0/0 0.2296 
136 33580 113 0 1054141.8243 1054178.0680 36.2437 8.5320 4.2480 23/23//23 0/0/0 27.7117 
137 56940 9 0 1054532.8671 1054546.4641 13.5970 12.5240 1.0857 39/39//39 0/0/0 1.0729 
139 966520 55 0 1054954.3456 1055186.7294 232.3838 200.2320 1.1606 662/662//662 0/0/0 22.4904 
140 862860 9 0 1055196.6825 1055384.3561 187.6735 178.1240 1.0536 591/591//591 0/0/0 1.1575 
138 6183100 9 0 1054623.2387 1056357.5561 1734.3173 1271.3240 1.3642 4235/4235//4235 0/0/0 0.9933 
143 18980 70 0 1056636.8740 1056642.5105 5.6365 5.5320 1.0189 13/13//13 0/0/0 0.1045 
141 1696520 70 0 1056193.5376 1056736.1075 542.5699 350.2320 1.5492 1162/1162//1162 0/0/0 165.6984 
144 108040 70 0 1057131.2834 1057158.0989 26.8155 23.8320 1.1252 74/74//74 0/0/0 1.9258 
147 154760 115 0 1057480.7934 1057521.7010 40.9076 33.4320 1.2236 106/106//106 0/0/0 6.4171 
148 24820 113 0 1057715.0394 1057731.3382 16.2989 6.7320 2.4211 17/17//17 0/0/0 9.5668 
149 68620 113 0 1058026.3399 1058050.8689 24.5291 15.7320 1.5592 47/47//47 0/0/0 8.7970 
142 5997680 70 0 1056318.9768 1058118.8834 1799.9066 1234.0320 1.4586 4108/4108//4108 0/0/0 418.2592 
146 4106980 9 0 1057447.8070 1059006.8560 1559.0490 844.7240 1.8456 2813/2813//2813 0/0/0 672.3250 
151 26280 55 0 1059470.0192 1059494.6680 24.6489 7.0320 3.5052 18/18//18 0/0/0 17.6169 
153 8760 70 0 1059726.4106 1059729.9680 3.5574 3.4320 1.0365 6/6//6 0/0/0 0.0080 
150 3375520 9 0 1058938.6384 1059746.3640 807.7256 694.4240 1.1632 2312/2312//2312 0/0/0 69.7936 
152 851180 113 0 1059670.6320 1059932.8718 262.2398 176.5320 1.4855 583/583//583 0/0/0 77.1040 
154 68620 113 0 1060351.0954 1060378.1681 27.0727 15.7320 1.7209 47/47//47 0/0/0 11.3407 
155 1210340 9 0 1060438.7944 1060701.2561 262.4616 249.5240 1.0518 829/829//829 0/0/0 0.9456 
156 20440 113 0 1060728.8546 1060734.9680 6.1134 5.8320 1.0483 14/14//14 0/0/0 0.0080 
157 8760 70 0 1060808.1824 1060811.7680 3.5856 3.4320 1.0448 6/6//6 0/0/0 0.0080 
145 5209280 9 0 1057245.2052 1061343.5560 4098.3508 1071.2240 3.8259 3568/3568//3568 0/0/0 2688.4268 
158 39420 115 0 1061364.7557 1061380.1680 15.4124 9.7320 1.5837 27/27//27 0/0/0 5.6803 
160 366460 113 0 1062423.3756 1062505.8528 82.4772 76.9320 1.0721 251/251//251 0/0/0 2.0721 
162 35040 55 0 1063133.5493 1063146.0267 12.4774 8.8320 1.4127 24/24//24 0/0/0 3.6454 
161 2476160 113 0 1062804.4706 1063353.0294 548.5588 510.4320 1.0747 1696/1696//1696 0/0/0 2.0079 
163 652620 115 0 1063770.4911 1063924.3497 153.8586 135.7320 1.1335 447/447//447 0/0/0 12.2341 
164 24820 9 0 1064128.7362 1064158.0830 29.3469 5.9240 4.9539 17/17//17 0/0/0 23.4229 
165 8760 113 0 1064304.2082 1064307.7645 3.5562 3.4320 1.0362 6/6//6 0/0/0 0.1242 
159 7083920 113 0 1062218.0479 1064552.0332 2333.9852 1457.2320 1.6017 4852/4852//4852 0/0/0 19.9881 
166 562100 115 0 1064831.8788 1064978.0988 146.2200 117.1320 1.2483 385/385//385 0/0/0 24.2572 
167 26280 70 0 1065041.4483 1065062.0680 20.6197 7.0320 2.9323 18/18//18 0/0/0 13.5877 
168 8760 55 0 1065124.3610 1065127.8680 3.5071 3.4320 1.0219 6/6//6 0/0/0 0.0080 
170 24820 115 0 1066996.2575 1067012.0680 15.8105 6.7320 2.3486 17/17//17 0/0/0 9.0785 
171 1573880 70 0 1067404.2854 1067757.5282 353.2428 325.0320 1.0868 1078/1078//1078 0/0/0 12.3506 
172 10220 115 0 1067889.2514 1067893.2680 4.0166 3.7320 1.0763 7/7//7 0/0/0 0.0080 
174 18980 115 0 1068155.3605 1068160.9337 5.5732 5.5320 1.0074 13/13//13 0/0/0 0.0080 
173 394200 55 0 1068095.4595 1068203.2570 107.7974 82.6320 1.3045 270/270//270 0/0/0 17.7765 
175 54020 9 0 1068169.8433 1068215.6560 45.8127 11.9240 3.8421 37/37//37 0/0/0 33.8887 
176 46720 9 0 1068568.6221 1068580.4560 11.8339 10.4240 1.1353 32/32//32 0/0/0 1.4099 
89 24157160 9 0 1039508.7243 1068930.5561 29421.8317 4964.6240 5.9263 16546/16546//16546 0/0/0 14529.0077 
177 33580 70 0 1068941.6448 1068966.1337 24.4889 8.5320 2.8702 23/23//23 0/0/0 15.9569 
179 35040 113 0 1069101.2450 1069111.9692 10.7241 8.8320 1.2142 24/24//24 0/0/0 1.8921 
178 494940 113 0 1069068.5744 1069210.6411 142.0667 103.3320 1.3749 339/339//339 0/0/0 24.9547 
180 8760 113 0 1069332.4538 1069335.9036 3.4497 3.4320 1.0052 6/6//6 0/0/0 0.0080 
181 8760 115 0 1069405.1268 1069408.6822 3.5554 3.4320 1.0359 6/6//6 0/0/0 0.0080 
183 8760 70 0 1069616.7931 1069620.2780 3.4849 3.4320 1.0154 6/6//6 0/0/0 0.0080 
182 1696520 55 0 1069503.8509 1069874.8708 371.0199 350.2320 1.0594 1162/1162//1162 0/0/0 1.9348 
185 59860 115 0 1069927.6865 1069966.0562 38.3697 13.9320 2.7541 41/41//41 0/0/0 24.4297 
186 1051200 115 0 1069956.8356 1070194.5623 237.7267 217.6320 1.0923 720/720//720 0/0/0 10.4004 
184 1178220 70 0 1069925.7298 1070451.6448 525.9150 243.7320 2.1578 807/807//807 0/0/0 270.1063 
187 64240 113 0 1071235.7748 1071274.6968 38.9220 14.8320 2.6242 44/44//44 0/0/0 24.0900 
169 7264960 55 0 1066943.2336 1071520.6799 4577.4464 1494.4320 3.0630 4976/4976//4976 0/0/0 1989.0025 
188 8760 113 0 1071545.5856 1071549.0256 3.4400 3.4320 1.0023 6/6//6 0/0/0 0.0080 
189 45260 9 0 1071583.4774 1071596.0560 12.5786 10.1240 1.2425 31/31//31 0/0/0 2.4546 
190 639480 55 0 1072125.1181 1072267.3524 142.2343 133.0320 1.0692 438/438//438 0/0/0 3.0179 
191 8760 55 0 1072578.3120 1072581.7520 3.4400 3.4320 1.0023 6/6//6 0/0/0 0.0080 
192 8760 115 0 1073286.6105 1073290.0505 3.4400 3.4320 1.0023 6/6//6 0/0/0 0.0080 
193 1760760 9 0 1074146.6442 1074529.7560 383.1118 362.6240 1.0565 1206/1206//1206 0/0/0 2.4878 
194 58400 9 0 1074934.0460 1074948.5560 14.5100 12.8240 1.1315 40/40//40 0/0/0 1.6860 
195 176660 115 0 1074958.5174 1075000.6249 42.1075 37.9320 1.1101 121/121//121 0/0/0 2.8186 
196 77380 115 0 1076128.9134 1076149.7681 20.8546 17.5320 1.1895 53/53//53 0/0/0 3.3226 
197 40880 70 0 1076370.7482 1076383.4680 12.7198 10.0320 1.2679 28/28//28 0/0/0 2.6878 
199 13140 115 0 1077239.4811 1077244.1211 4.6400 4.3320 1.0711 9/9//9 0/0/0 0.0080 
198 4536220 113 0 1076481.0388 1077466.4294 985.3906 933.7320 1.0553 3107/3107//3107 0/0/0 3.0972 
200 75920 113 0 1078066.5223 1078086.2681 19.7458 17.2320 1.1459 52/52//52 0/0/0 2.5137 
201 188340 115 0 1078297.8975 1078342.9249 45.0274 40.3320 1.1164 129/129//129 0/0/0 3.3385 
203 8760 55 0 1078923.6110 1078927.1760 3.5651 3.4320 1.0388 6/6//6 0/0/0 0.0080 
204 13140 113 0 1079092.9129 1079099.4333 6.5203 4.3320 1.5052 9/9//9 0/0/0 0.0080 
205 21900 55 0 1079093.3413 1079101.8501 8.5088 6.1320 1.3876 15/15//15 0/0/0 0.0080 
206 26280 9 0 1079485.9060 1079511.4736 25.5676 6.2240 4.1079 18/18//18 0/0/0 19.3436 
202 2816340 70 0 1078916.1073 1079543.2257 627.1184 580.3320 1.0806 1929/1929//1929 0/0/0 2.5288 
207 4232540 55 0 1079500.3061 1080458.9156 958.6095 871.3320 1.1002 2899/2899//2899 0/0/0 43.8300 
208 2381260 113 0 1080655.4084 1081173.4056 517.9971 490.9320 1.0551 1631/1631//1631 0/0/0 2.9276 
209 8760 115 0 1081408.2883 1081411.7283 3.4400 3.4320 1.0023 6/6//6 0/0/0 0.0080 
212 20440 55 0 1081781.6610 1081787.5991 5.9381 5.8320 1.0182 14/14//14 0/0/0 0.0080 
210 1734480 113 0 1081547.1056 1081929.6874 382.5819 358.0320 1.0686 1188/1188//1188 0/0/0 3.1304 
211 3000300 9 0 1081688.3077 1082577.8561 889.5484 617.3240 1.4410 2055/2055//2055 0/0/0 242.2243 
213 290540 113 0 1082549.3039 1082643.5818 94.2779 61.3320 1.5372 199/199//199 0/0/0 30.5321 
214 775260 9 0 1084206.6219 1084375.7561 169.1341 160.1240 1.0563 531/531//531 0/0/0 1.8101 
215 1163620 115 0 1084311.0605 1084628.8800 317.8194 240.7320 1.3202 797/797//797 0/0/0 66.0755 
216 48180 70 0 1084602.4042 1084641.5680 39.1638 11.5320 3.3961 33/33//33 0/0/0 27.6318 
217 55480 9 0 1084731.9685 1084746.2560 14.2875 12.2240 1.1688 38/38//38 0/0/0 2.0635 
218 45260 55 0 1085246.0688 1085260.1680 14.0992 10.9320 1.2897 31/31//31 0/0/0 3.1672 
219 10220 55 0 1086592.8300 1086596.5700 3.7400 3.7320 1.0021 7/7//7 0/0/0 0.0080 
220 8760 70 0 1087069.2642 1087072.7042 3.4400 3.4320 1.0023 6/6//6 0/0/0 0.0080 
221 45260 113 0 1087276.6128 1087290.5680 13.9553 10.9320 1.2766 31/31//31 0/0/0 3.0232 
223 581080 55 0 1087850.9113 1087979.7551 128.8438 121.0320 1.0645 398/398//398 0/0/0 2.9698 
222 1337360 115 0 1087750.4240 1088169.7718 419.3478 276.4320 1.5170 916/916//916 0/0/0 2.6120 
226 30660 55 0 1089120.8946 1089136.1680 15.2734 7.9320 1.9255 21/21//21 0/0/0 7.3414 
227 8760 70 0 1089138.0437 1089141.6680 3.6243 3.4320 1.0560 6/6//6 0/0/0 0.0080 
225 2232340 9 0 1088673.1668 1089167.3560 494.1893 459.5240 1.0754 1529/1529//1529 0/0/0 1.0653 
229 527060 113 0 1089814.0940 1089938.6988 124.6047 109.9320 1.1335 361/361//361 0/0/0 9.8420 
230 48180 55 0 1090056.0575 1090077.5680 21.5105 11.5320 1.8653 33/33//33 0/0/0 9.9785 
224 6228360 9 0 1087866.8561 1090137.2560 2270.3999 1280.6240 1.7729 4266/4266//4266 0/0/0 303.3759 
233 8760 115 0 1090628.6107 1090632.1644 3.5538 3.4320 1.0355 6/6//6 0/0/0 0.0080 
232 801540 70 0 1090484.3479 1090667.1221 182.7742 166.3320 1.0989 549/549//549 0/0/0 7.3881 
231 1157780 9 0 1090470.8465 1090898.9560 428.1096 238.7240 1.7933 793/793//793 0/0/0 0.9936 
234 862860 9 0 1090943.1595 1091132.0560 188.8965 178.1240 1.0605 591/591//591 0/0/0 1.1806 
235 341640 113 0 1091219.1815 1091308.4834 89.3020 71.8320 1.2432 234/234//234 0/0/0 15.0545 
228 3228060 9 0 1089442.8009 1091526.2561 2083.4552 664.1240 3.1371 2211/2211//2211 0/0/0 695.7312 
236 140160 113 0 1091981.3091 1092015.7249 34.4158 30.4320 1.1309 96/96//96 0/0/0 2.6269 
237 8760 55 0 1092228.9491 1092232.3891 3.4400 3.4320 1.0023 6/6//6 0/0/0 0.0080 
238 24820 70 0 1094502.2987 1094511.5680 9.2693 6.7320 1.3769 17/17//17 0/0/0 2.5373 
240 36500 55 0 1094767.6159 1094786.6680 19.0522 9.1320 2.0863 25/25//25 0/0/0 9.9201 
239 3626640 9 0 1094523.0305 1095319.1560 796.1255 746.0240 1.0672 2484/2484//2484 0/0/0 2.1015 
242 30660 55 0 1095632.8809 1095644.2887 11.4078 7.9320 1.4382 21/21//21 0/0/0 3.4758 
243 16060 55 0 1095894.2042 1095899.3128 5.1085 4.9320 1.0358 11/11//11 0/0/0 0.0080 
244 71540 70 0 1096317.0325 1096336.6876 19.6551 16.3320 1.2035 49/49//49 0/0/0 1.9662 
241 4252980 70 0 1095406.2929 1096356.8681 950.5752 875.5320 1.0857 2913/2913//2913 0/0/0 3.0431 
245 784020 115 0 1096524.1118 1096697.1093 172.9975 162.7320 1.0631 537/537//537 0/0/0 3.0242 
246 17520 70 0 1096718.3434 1096723.5834 5.2400 5.2320 1.0015 12/12//12 0/0/0 0.0080 
247 1032220 115 0 1096739.6240 1096965.6231 225.9991 213.7320 1.0574 707/707//707 0/0/0 2.6120 
248 106580 115 0 1097040.1999 1097066.3681 26.1681 23.5320 1.1120 73/73//73 0/0/0 2.6361 
249 7124800 115 0 1097687.3756 1099227.7718 1540.3962 1465.6320 1.0510 4880/4880//4880 0/0/0 2.5604 
252 115340 9 0 1099451.1737 1099478.0561 26.8824 24.5240 1.0962 79/79//79 0/0/0 1.1664 
254 185420 55 0 1099853.3103 1099899.1265 45.8163 39.7320 1.1531 127/127//127 0/0/0 4.7258 
253 1943260 9 0 1099585.5288 1100048.0561 462.5272 400.1240 1.1560 1331/1331//1331 0/0/0 0.9112 
256 32120 9 0 1100167.2630 1100177.0560 9.7930 7.4240 1.3191 22/22//22 0/0/0 1.1771 
257 176660 70 0 1100215.0432 1100268.1257 53.0826 37.9320 1.3994 121/121//121 0/0/0 13.7928 
258 1550520 9 0 1100454.6208 1100790.5561 335.9353 319.4240 1.0517 1062/1062//1062 0/0/0 0.9193 
260 227760 115 0 1100802.6917 1100867.0946 64.4029 48.4320 1.3298 156/156//156 0/0/0 14.9115 
261 11680 9 0 1100998.7580 1101002.1644 3.4064 3.2240 1.0566 8/8//8 0/0/0 0.0080 
259 1896540 55 0 1100751.3299 1101257.0610 505.7311 391.3320 1.2923 1299/1299//1299 0/0/0 40.9061 
264 287620 9 0 1101488.2306 1101572.3560 84.1254 59.9240 1.4039 197/197//197 0/0/0 21.9670 
263 696420 70 0 1101467.7772 1101699.8988 232.1215 144.7320 1.6038 477/477//477 0/0/0 17.4588 
250 6714540 9 0 1098177.8044 1102233.8560 4056.0516 1380.5240 2.9381 4599/4599//4599 0/0/0 1050.7276 
265 550420 115 0 1102415.3725 1102557.0721 141.6997 114.7320 1.2350 377/377//377 0/0/0 22.1337 
266 8760 9 0 1102592.1440 1102594.8297 2.6858 2.6240 1.0235 6/6//6 0/0/0 0.0080 
262 3847100 70 0 1101177.2655 1103188.9603 2011.6948 792.1320 2.5396 2635/2635//2635 0/0/0 1058.5706 
267 8760 70 0 1103362.2908 1103365.8221 3.5314 3.4320 1.0290 6/6//6 0/0/0 0.0994 
268 74460 55 0 1103610.3834 1103637.2397 26.8563 16.9320 1.5861 51/51//51 0/0/0 9.9242 
270 68620 9 0 1103761.1109 1103779.6532 18.5423 14.9240 1.2424 47/47//47 0/0/0 3.6183 
269 74460 115 0 1103739.3283 1103798.0681 58.7398 16.9320 3.4692 51/51//51 0/0/0 41.8077 
271 8760 55 0 1104002.2907 1104005.7374 3.4467 3.4320 1.0043 6/6//6 0/0/0 0.0080 
272 45260 70 0 1104122.5581 1104136.7337 14.1757 10.9320 1.2967 31/31//31 0/0/0 1.8860 
273 59860 55 0 1104441.6319 1104480.2266 38.5947 13.9320 2.7702 41/41//41 0/0/0 24.6627 
251 7190500 70 0 1098708.1021 1104831.2179 6123.1157 1479.1320 4.1397 4925/4925//4925 0/0/0 4481.7339 
274 51100 70 0 1105085.1648 1105121.6680 36.5032 12.1320 3.0088 35/35//35 0/0/0 24.3712 
275 49640 9 0 1105200.1579 1105212.2641 12.1062 11.0240 1.0982 34/34//34 0/0/0 1.0821 
276 1144640 113 0 1106506.4325 1106772.1872 265.7546 236.8320 1.1221 784/784//784 0/0/0 17.9035 
278 58400 70 0 1108076.4604 1108097.9420 21.4816 13.6320 1.5758 40/40//40 0/0/0 7.8495 
277 2324320 113 0 1107695.0730 1108223.3988 528.3258 479.2320 1.1024 1592/1592//1592 0/0/0 10.9630 
280 8760 55 0 1108587.8093 1108591.2680 3.4588 3.4320 1.0078 6/6//6 0/0/0 0.0080 
281 189800 113 0 1108850.5570 1108898.2265 47.6695 40.6320 1.1732 130/130//130 0/0/0 5.6790 
282 20440 55 0 1109540.0075 1109545.8680 5.8606 5.8320 1.0049 14/14//14 0/0/0 0.0080 
284 62780 70 0 1110308.5931 1110326.1379 17.5449 14.5320 1.2073 43/43//43 0/0/0 1.9544 
283 6501380 70 0 1109658.4599 1111105.1670 1446.7071 1337.5320 1.0816 4453/4453//4453 0/0/0 26.6761 
287 1624980 55 0 1110858.9530 1111457.6283 598.6753 335.5320 1.7843 1113/1113//1113 0/0/0 247.2830 
289 65700 70 0 1112071.9509 1112104.2475 32.2966 15.1320 2.1343 45/45//45 0/0/0 17.1645 
288 89060 113 0 1112064.6281 1112125.1681 60.5400 19.9320 3.0373 61/61//61 0/0/0 40.6079 
290 62780 70 0 1112182.0892 1112217.1522 35.0631 14.5320 2.4128 43/43//43 0/0/0 20.5310 
285 3423700 55 0 1110527.6312 1112253.1265 1725.4953 705.1320 2.4471 2345/2345//2345 0/0/0 931.4048 
292 61320 55 0 1113207.7409 1113226.4681 18.7272 14.2320 1.3158 42/42//42 0/0/0 4.4951 
294 23360 9 0 1113860.2717 1113866.0640 5.7923 5.6240 1.0299 16/16//16 0/0/0 0.1683 
255 26150060 9 0 1100025.4288 1113909.2561 13883.8273 5374.1240 2.5835 17911/17911//17911 0/0/0 4806.5032 
293 1620600 55 0 1113738.6692 1114261.1363 522.4671 334.6320 1.5613 1110/1110//1110 0/0/0 171.9668 
296 48180 9 0 1114442.8504 1114474.5326 31.6822 10.7240 2.9543 33/33//33 0/0/0 20.9582 
297 118260 115 0 1114475.3906 1114528.1850 52.7944 25.9320 2.0359 81/81//81 0/0/0 25.8039 
298 17520 113 0 1115312.2745 1115317.5888 5.3142 5.2320 1.0157 12/12//12 0/0/0 0.0080 
299 39420 115 0 1115490.6071 1115526.1565 35.5494 9.7320 3.6528 27/27//27 0/0/0 25.8174 
286 8267980 55 0 1110631.3780 1116102.1832 5470.8052 1700.5320 3.2171 5663/5663//5663 0/0/0 3631.1580 
301 245280 70 0 1116069.3371 1116157.4866 88.1494 52.0320 1.6941 168/168//168 0/0/0 33.6989 
302 8760 55 0 1116312.6048 1116316.2680 3.6632 3.4320 1.0674 6/6//6 0/0/0 0.0080 
303 18980 70 0 1116378.5242 1116384.0681 5.5439 5.5320 1.0021 13/13//13 0/0/0 0.0080 
304 182500 115 0 1116399.4647 1116456.7273 57.2626 39.1320 1.4633 125/125//125 0/0/0 16.7713 
305 188340 113 0 1116891.5892 1116952.9281 61.3390 40.3320 1.5209 129/129//129 0/0/0 19.6468 
306 128480 115 0 1117235.3956 1117286.2273 50.8317 28.0320 1.8133 88/88//88 0/0/0 21.4404 
307 23360 70 0 1117311.5976 1117318.3440 6.7464 6.4320 1.0489 16/16//16 0/0/0 0.0080 
300 6015200 9 0 1115680.2823 1117581.5561 1901.2738 1236.8240 1.5372 4120/4120//4120 0/0/0 478.1497 
308 36500 55 0 1118419.1833 1118430.4058 11.2225 9.1320 1.2289 25/25//25 0/0/0 2.0905 
310 1661480 9 0 1119011.9994 1119394.7560 382.7567 342.2240 1.1184 1138/1138//1138 0/0/0 23.9527 
312 58400 115 0 1119549.7942 1119586.3909 36.5967 13.6320 2.6846 40/40//40 0/0/0 22.9647 
295 9282680 55 0 1113952.7350 1119973.1572 6020.4221 1909.0320 3.1537 6358/6358//6358 0/0/0 3630.8010 
309 6513060 115 0 1118462.0474 1121380.7923 2918.7448 1339.9320 2.1783 4461/4461//4461 0/0/0 1512.7886 
313 1899460 115 0 1121085.8643 1121793.7036 707.8394 391.9320 1.8060 1301/1301//1301 0/0/0 296.5718 
315 27740 113 0 1122951.4419 1122986.3680 34.9261 7.3320 4.7635 19/19//19 0/0/0 27.5941 
316 40880 9 0 1123020.6415 1123031.0641 10.4226 9.2240 1.1299 28/28//28 0/0/0 1.1986 
318 24820 9 0 1123247.3954 1123254.2641 6.8687 5.9240 1.1595 17/17//17 0/0/0 0.9447 
319 8760 9 0 1123364.7078 1123367.3640 2.6563 2.6240 1.0123 6/6//6 0/0/0 0.0323 
311 7180280 9 0 1119268.0527 1123374.8561 4106.8033 1476.2240 2.7820 4918/4918//4918 0/0/0 2526.1793 
317 1436640 113 0 1123219.5685 1123688.1785 468.6100 296.8320 1.5787 984/984//984 0/0/0 157.2675 
320 375220 9 0 1123673.2880 1123770.2560 96.9680 77.9240 1.2444 257/257//257 0/0/0 15.4440 
322 26280 113 0 1124808.5518 1124837.4215 28.8697 7.0320 4.1055 18/18//18 0/0/0 21.8377 
323 18980 70 0 1125800.5371 1125806.0981 5.5610 5.5320 1.0052 13/13//13 0/0/0 0.0080 
314 9433060 115 0 1122043.9371 1125819.8981 3775.9610 1939.9320 1.9464 6461/6461//6461 0/0/0 1727.9989 
324 14600 115 0 1126027.7288 1126032.6680 4.9392 4.6320 1.0663 10/10//10 0/0/0 0.0080 
325 21900 70 0 1126802.1852 1126808.4681 6.2829 6.1320 1.0246 15/15//15 0/0/0 0.0080 
326 8760 70 0 1126918.8555 1126922.4680 3.6125 3.4320 1.0526 6/6//6 0/0/0 0.0080 
321 6572920 9 0 1124380.0352 1127248.4560 2868.4209 1351.4240 2.1225 4502/4502//4502 0/0/0 1440.7968 
327 8760 9 0 1128000.7759 1128003.5447 2.7688 2.6240 1.0552 6/6//6 0/0/0 0.0080 
328 572320 55 0 1128479.2084 1128611.3449 132.1365 119.2320 1.1082 392/392//392 0/0/0 8.0705 
329 8760 113 0 1128635.3366 1128639.0017 3.6651 3.4320 1.0679 6/6//6 0/0/0 0.0080 
330 8760 55 0 1128668.7325 1128672.2738 3.5413 3.4320 1.0318 6/6//6 0/0/0 0.0080 
291 9544020 70 0 1112445.0966 1129441.1040 16996.0075 1962.7320 8.6594 6537/6537//6537 0/0/0 14805.3394 
331 70080 9 0 1129653.4559 1129684.6847 31.2288 15.2240 2.0513 48/48//48 0/0/0 15.9968 
332 27740 113 0 1129678.0304 1129694.0680 16.0377 7.3320 2.1874 19/19//19 0/0/0 8.7057 
334 17520 55 0 1130662.6990 1130668.1453 5.4463 5.2320 1.0410 12/12//12 0/0/0 0.0080 
335 55480 70 0 1130828.3689 1130846.5522 18.1833 13.0320 1.3953 38/38//38 0/0/0 5.1512 
336 1493580 70 0 1131268.8867 1131599.1407 330.2540 308.5320 1.0704 1023/1023//1023 0/0/0 7.5250 
338 75920 115 0 1131664.9801 1131685.6491 20.6689 17.2320 1.1995 52/52//52 0/0/0 2.0793 
333 5727580 115 0 1130447.9745 1132048.8755 1600.9010 1178.5320 1.3584 3923/3923//3923 0/0/0 2.0190 
339 675980 113 0 1132695.1482 1132851.9688 156.8206 140.5320 1.1159 463/463//463 0/0/0 10.3961 
340 33580 113 0 1133458.8465 1133491.5275 32.6809 8.5320 3.8304 23/23//23 0/0/0 24.1489 
341 557720 70 0 1133476.1454 1133613.9020 137.7566 116.2320 1.1852 382/382//382 0/0/0 16.6906 
342 8760 113 0 1133709.7303 1133713.3491 3.6188 3.4320 1.0544 6/6//6 0/0/0 0.0080 
343 2044000 113 0 1134278.0626 1134739.5361 461.4736 421.6320 1.0945 1400/1400//1400 0/0/0 19.4474 
345 30660 115 0 1135098.0048 1135127.3514 29.3466 7.9320 3.6998 21/21//21 0/0/0 21.4146 
344 832200 113 0 1135045.0472 1135259.8604 214.8132 172.6320 1.2443 570/570//570 0/0/0 23.9473 
346 27740 113 0 1135260.5189 1135294.0265 33.5076 7.3320 4.5701 19/19//19 0/0/0 26.1756 
347 16060 115 0 1135706.3949 1135711.5989 5.2040 4.9320 1.0551 11/11//11 0/0/0 0.2720 
348 8760 113 0 1135712.9848 1135716.7248 3.7400 3.4320 1.0897 6/6//6 0/0/0 0.0080 
349 10220 70 0 1135774.7752 1135778.6463 3.8711 3.7320 1.0373 7/7//7 0/0/0 0.0080 
350 8760 115 0 1136831.1556 1136834.6766 3.5210 3.4320 1.0259 6/6//6 0/0/0 0.0890 
279 26062460 115 0 1108410.5436 1137635.3142 29224.7707 5356.9320 5.4555 17851/17851//17851 0/0/0 21032.2924 
351 8760 55 0 1137852.0341 1137855.6681 3.6339 3.4320 1.0588 6/6//6 0/0/0 0.0080 
354 23360 9 0 1138558.0536 1138563.9633 5.9097 5.6240 1.0508 16/16//16 0/0/0 0.0080 
355 13140 70 0 1138791.1929 1138795.6015 4.4086 4.3320 1.0177 9/9//9 0/0/0 0.0080 
353 6619640 55 0 1138102.4135 1139553.3558 1450.9423 1361.8320 1.0654 4534/4534//4534 0/0/0 14.8197 
356 65700 9 0 1139697.7025 1139719.5101 21.8076 14.3240 1.5225 45/45//45 0/0/0 7.4836 
358 164980 70 0 1139939.7017 1139984.4703 44.7686 35.5320 1.2600 113/113//113 0/0/0 8.1773 
359 21900 9 0 1140133.8999 1140139.2645 5.3646 5.3240 1.0076 15/15//15 0/0/0 0.0080 
361 8760 70 0 1140614.7397 1140618.1955 3.4558 3.4320 1.0069 6/6//6 0/0/0 0.0080 
360 455520 113 0 1140608.1039 1140720.8326 112.7287 95.2320 1.1837 312/312//312 0/0/0 13.7188 
362 37960 70 0 1140766.5036 1140782.3938 15.8902 9.4320 1.6847 26/26//26 0/0/0 6.4582 
363 75920 55 0 1141094.2905 1141128.8362 34.5457 17.2320 2.0047 52/52//52 0/0/0 17.3136 
352 8030000 115 0 1137963.1379 1141351.5359 3388.3980 1651.6320 2.0515 5500/5500//5500 0/0/0 27.8981 
364 29200 113 0 1141933.5747 1141965.1610 31.5863 7.6320 4.1387 20/20//20 0/0/0 23.9543 
357 6679500 55 0 1139721.9894 1142804.1809 3082.1915 1374.1320 2.2430 4575/4575//4575 0/0/0 1630.5467 
365 546040 113 0 1142758.9393 1142923.7988 164.8595 113.8320 1.4483 374/374//374 0/0/0 46.1967 
366 24820 9 0 1142981.6890 1142988.5641 6.8750 5.9240 1.1605 17/17//17 0/0/0 0.9510 
367 35040 55 0 1143049.2812 1143074.9680 25.6869 8.8320 2.9084 24/24//24 0/0/0 16.8548 
368 1549060 9 0 1143735.0210 1144070.6561 335.6350 319.1240 1.0517 1061/1061//1061 0/0/0 0.9190 
369 845340 115 0 1144128.7219 1144331.8853 203.1634 175.3320 1.1587 579/579//579 0/0/0 19.2141 
371 200020 70 0 1144490.9895 1144538.1470 47.1575 42.7320 1.1036 137/137//137 0/0/0 2.0006 
372 724160 113 0 1144499.1203 1144697.1189 197.9986 150.4320 1.3162 496/496//496 0/0/0 40.3157 
370 3263100 70 0 1144149.3668 1145243.6793 1094.3125 672.1320 1.6281 2235/2235//2235 0/0/0 183.9692 
374 23360 55 0 1146342.4339 1146349.0142 6.5803 6.4320 1.0231 16/16//16 0/0/0 0.0080 
373 3347780 113 0 1145870.1718 1146602.8910 732.7191 689.5320 1.0626 2293/2293//2293 0/0/0 4.8642 
375 74460 9 0 1146632.4591 1146649.7641 17.3050 16.1240 1.0732 51/51//51 0/0/0 1.1809 
376 283240 9 0 1146882.2144 1146944.6561 62.4417 59.0240 1.0579 194/194//194 0/0/0 1.0257 
378 1331520 70 0 1147008.4253 1147298.9259 290.5006 275.2320 1.0555 912/912//912 0/0/0 1.8341 
377 2569600 70 0 1146918.7675 1147791.5639 872.7964 529.6320 1.6479 1760/1760//1760 0/0/0 27.2685 
379 39420 9 0 1148236.2679 1148247.5560 11.2881 8.9240 1.2649 27/27//27 0/0/0 1.1721 
380 8760 113 0 1148834.1230 1148837.7680 3.6450 3.4320 1.0621 6/6//6 0/0/0 0.0080 
381 67160 70 0 1149291.5926 1149324.8681 33.2754 15.4320 2.1563 46/46//46 0/0/0 17.8434 
337 27883080 9 0 1131426.4789 1151723.0560 20296.5771 5730.2240 3.5420 19098/19098//19098 0/0/0 6209.5531 
383 73000 55 0 1151934.8153 1151963.2337 28.4184 16.6320 1.7087 50/50//50 0/0/0 11.7864 
382 1054120 70 0 1151918.6407 1152168.3230 249.6823 218.2320 1.1441 722/722//722 0/0/0 2.5953 
384 8760 70 0 1152342.8127 1152346.2527 3.4400 3.4320 1.0023 6/6//6 0/0/0 0.0080 
385 67160 115 0 1152951.6352 1152969.8681 18.2329 15.4320 1.1815 46/46//46 0/0/0 2.8008 
386 8760 115 0 1153122.1694 1153125.6094 3.4400 3.4320 1.0023 6/6//6 0/0/0 0.0080 
387 23360 55 0 1153561.6057 1153568.0458 6.4400 6.4320 1.0012 16/16//16 0/0/0 0.0080 
388 281780 55 0 1154290.2292 1154354.6818 64.4526 59.5320 1.0827 193/193//193 0/0/0 2.5068 
390 11680 9 0 1155226.9089 1155230.1409 3.2320 3.2240 1.0025 8/8//8 0/0/0 0.0080 
391 1530080 70 0 1155884.6296 1156242.8178 358.1882 316.0320 1.1334 1048/1048//1048 0/0/0 26.3064 
392 8760 70 0 1156423.0262 1156426.5680 3.5418 3.4320 1.0320 6/6//6 0/0/0 0.0080 
393 1328600 9 0 1156815.2550 1157104.4560 289.2010 273.8240 1.0562 910/910//910 0/0/0 0.9850 
389 9146900 9 0 1154922.7478 1157527.7561 2605.0083 1880.3240 1.3854 6265/6265//6265 0/0/0 2.2842 
396 8760 70 0 1157711.2809 1157715.0067 3.7258 3.4320 1.0856 6/6//6 0/0/0 0.2938 
395 1826460 70 0 1157593.5046 1158005.6332 412.1286 376.9320 1.0934 1251/1251//1251 0/0/0 11.2314 
397 21900 115 0 1158410.7324 1158417.0680 6.3356 6.1320 1.0332 15/15//15 0/0/0 0.0080 
398 8760 115 0 1158862.2151 1158865.8681 3.6530 3.4320 1.0644 6/6//6 0/0/0 0.0080 
394 6435680 9 0 1157448.6722 1159326.5560 1877.8838 1323.2240 1.4192 4408/4408//4408 0/0/0 80.0598 
399 26280 55 0 1159374.7464 1159384.7680 10.0217 7.0320 1.4252 18/18//18 0/0/0 2.9896 
401 8760 115 0 1160071.6985 1160075.3842 3.6857 3.4320 1.0739 6/6//6 0/0/0 0.2537 
403 915420 113 0 1160136.6478 1160345.4674 208.8196 189.7320 1.1006 627/627//627 0/0/0 10.7838 
404 55480 70 0 1160473.9355 1160511.3180 37.3825 13.0320 2.8685 38/38//38 0/0/0 24.3505 
402 3267480 115 0 1160112.5002 1161035.2056 922.7054 673.0320 1.3710 2238/2238//2238 0/0/0 1.9089 
405 32120 70 0 1161382.3066 1161397.5731 15.2664 8.2320 1.8545 22/22//22 0/0/0 7.0344 
406 8760 113 0 1161814.1775 1161817.8861 3.7085 3.4320 1.0806 6/6//6 0/0/0 0.0080 
400 7488340 115 0 1159487.0108 1162045.7979 2558.7871 1540.3320 1.6612 5129/5129//5129 0/0/0 3.2252 
407 43800 115 0 1162410.7709 1162424.0680 13.2972 10.6320 1.2507 30/30//30 0/0/0 2.6651 
408 661380 9 0 1162453.0217 1162598.0561 145.0344 136.7240 1.0608 453/453//453 0/0/0 2.3103 
410 20440 55 0 1163124.4201 1163130.4136 5.9935 5.8320 1.0277 14/14//14 0/0/0 0.0080 
409 4302620 70 0 1162473.3804 1163533.4236 1060.0432 885.7320 1.1968 2947/2947//2947 0/0/0 126.3556 
411 77380 70 0 1163629.7187 1163650.4681 20.7494 17.5320 1.1835 53/53//53 0/0/0 3.2173 
413 8760 55 0 1164550.6681 1164554.2273 3.5592 3.4320 1.0371 6/6//6 0/0/0 0.1272 
412 7872320 55 0 1163986.5297 1165694.6788 1708.1491 1619.2320 1.0549 5392/5392//5392 0/0/0 2.8063 
414 74460 70 0 1166119.1615 1166139.2681 20.1066 16.9320 1.1875 51/51//51 0/0/0 3.1746 
415 20440 115 0 1166663.9746 1166669.8147 5.8400 5.8320 1.0014 14/14//14 0/0/0 0.0080 
416 10220 9 0 1167090.1155 1167093.0475 2.9320 2.9240 1.0027 7/7//7 0/0/0 0.0080 
417 55480 113 0 1167183.9964 1167200.0681 16.0716 13.0320 1.2332 38/38//38 0/0/0 3.0396 
418 582540 70 0 1168083.1633 1168212.2956 129.1323 121.3320 1.0643 399/399//399 0/0/0 2.9727 
419 62780 115 0 1168359.6907 1168376.9681 17.2773 14.5320 1.1889 43/43//43 0/0/0 2.7453 
420 1753460 9 0 1169607.8029 1169989.4560 381.6531 361.1240 1.0568 1201/1201//1201 0/0/0 2.5291 
421 854100 9 0 1170123.1361 1170309.8560 186.7199 176.3240 1.0590 585/585//585 0/0/0 1.9959 
422 3908420 9 0 1170324.3660 1171170.2561 845.8901 803.9240 1.0522 2677/2677//2677 0/0/0 2.3661 
423 8760 55 0 1171531.8021 1171535.2421 3.4400 3.4320 1.0023 6/6//6 0/0/0 0.0080 
424 14600 70 0 1172510.9779 1172515.6179 4.6400 4.6320 1.0017 10/10//10 0/0/0 0.0080 
425 8760 70 0 1172671.1461 1172674.5861 3.4400 3.4320 1.0023 6/6//6 0/0/0 0.0080 
426 188340 55 0 1172901.8599 1172946.4249 44.5651 40.3320 1.1050 129/129//129 0/0/0 2.8761 
427 976740 115 0 1173653.9981 1173869.1310 215.1329 202.3320 1.0633 669/669//669 0/0/0 3.1379 
428 49640 55 0 1173861.9416 1173882.2681 20.3264 11.8320 1.7179 34/34//34 0/0/0 8.4944 
429 156220 55 0 1174280.1753 1174318.6249 38.4496 33.7320 1.1399 107/107//107 0/0/0 3.3607 
430 20440 55 0 1174454.9530 1174460.7930 5.8400 5.8320 1.0014 14/14//14 0/0/0 0.0080 
431 42340 70 0 1174696.5841 1174709.6680 13.0839 10.3320 1.2663 29/29//29 0/0/0 2.7519 
432 8760 55 0 1174961.2914 1174964.7314 3.4400 3.4320 1.0023 6/6//6 0/0/0 0.0080 
433 45260 115 0 1174974.5528 1174988.3680 13.8153 10.9320 1.2637 31/31//31 0/0/0 2.8833 
436 468660 55 0 1175767.0080 1175875.9165 108.9085 97.9320 1.1121 321/321//321 0/0/0 6.1458 
437 386900 9 0 1176249.9202 1176338.9560 89.0358 80.3240 1.1085 265/265//265 0/0/0 5.3857 
438 159140 115 0 1176317.1728 1176376.6257 59.4529 34.3320 1.7317 109/109//109 0/0/0 23.7632 
435 2864520 115 0 1175597.7825 1176467.8411 870.0586 590.2320 1.4741 1962/1962//1962 0/0/0 24.1172 
439 8760 70 0 1176755.9711 1176759.5017 3.5306 3.4320 1.0287 6/6//6 0/0/0 0.0080 
441 8760 55 0 1177181.9224 1177185.4853 3.5629 3.4320 1.0381 6/6//6 0/0/0 0.0080 
440 194180 115 0 1177168.0595 1177220.7430 52.6835 41.5320 1.2685 133/133//133 0/0/0 8.2858 
442 1727180 70 0 1177354.5275 1177746.7423 392.2149 356.5320 1.1001 1183/1183//1183 0/0/0 18.7586 
444 713940 9 0 1177722.5456 1177901.9560 179.4104 147.5240 1.2161 489/489//489 0/0/0 24.6864 
443 1316920 70 0 1177716.6521 1178189.0025 472.3504 272.2320 1.7351 902/902//902 0/0/0 186.6839 
445 8760 113 0 1178340.4563 1178344.0853 3.6290 3.4320 1.0574 6/6//6 0/0/0 0.0080 
446 8760 113 0 1178593.5317 1178597.0540 3.5223 3.4320 1.0263 6/6//6 0/0/0 0.0080 
434 7243060 55 0 1175417.4913 1178700.1056 3282.6142 1489.9320 2.2032 4961/4961//4961 0/0/0 2.7447 
447 24820 113 0 1180164.7322 1180174.4680 9.7358 6.7320 1.4462 17/17//17 0/0/0 3.0038 
448 26280 9 0 1180207.5678 1180215.8560 8.2882 6.2240 1.3317 18/18//18 0/0/0 2.0642 
450 71540 9 0 1181104.1487 1181141.4886 37.3398 15.5240 2.4053 49/49//49 0/0/0 21.8158 
452 27740 115 0 1181389.5598 1181402.7560 13.1962 7.3320 1.7998 19/19//19 0/0/0 5.8642 
453 541660 9 0 1181639.9117 1181772.8561 132.9444 112.1240 1.1857 371/371//371 0/0/0 16.1059 
454 21900 9 0 1181929.4619 1181934.8181 5.3562 5.3240 1.0060 15/15//15 0/0/0 0.0080 
449 8135120 55 0 1180669.3870 1182577.2640 1907.8769 1673.2320 1.1402 5572/5572//5572 0/0/0 3.2490 
455 423400 115 0 1182626.1418 1182721.6724 95.5307 88.6320 1.0778 290/290//290 0/0/0 3.1256 
457 8760 115 0 1183018.1889 1183021.8681 3.6792 3.4320 1.0720 6/6//6 0/0/0 0.0080 
456 2325780 9 0 1182773.4965 1183301.3561 527.8596 478.7240 1.1026 1593/1593//1593 0/0/0 24.7070 
458 331420 9 0 1183323.4920 1183399.4561 75.9641 68.9240 1.1021 227/227//227 0/0/0 4.8057 
460 8760 55 0 1183890.0499 1183893.5734 3.5236 3.4320 1.0267 6/6//6 0/0/0 0.0080 
461 13140 9 0 1183900.0361 1183903.6774 3.6414 3.5240 1.0333 9/9//9 0/0/0 0.0080 
459 1697980 113 0 1183610.8175 1184000.1121 389.2946 350.5320 1.1106 1163/1163//1163 0/0/0 17.6392 
462 39420 115 0 1184145.4972 1184162.7181 17.2209 9.7320 1.7695 27/27//27 0/0/0 7.4889 
463 43800 55 0 1184163.5073 1184199.7257 36.2184 10.6320 3.4066 30/30//30 0/0/0 25.5864 
464 8760 55 0 1185093.2675 1185096.9667 3.6992 3.4320 1.0779 6/6//6 0/0/0 0.0080 
451 7393440 70 0 1181337.8686 1185244.6079 3906.7393 1520.8320 2.5688 5064/5064//5064 0/0/0 1240.9674 
466 8760 115 0 1185887.1080 1185890.7723 3.6643 3.4320 1.0677 6/6//6 0/0/0 0.0080 
465 3974120 70 0 1185511.9142 1186375.7289 863.8147 818.2320 1.0557 2722/2722//2722 0/0/0 2.7218 
468 40880 115 0 1186349.0622 1186386.8680 37.8059 10.0320 3.7685 28/28//28 0/0/0 27.7738 
469 24820 70 0 1186577.8128 1186596.9318 19.1190 6.7320 2.8400 17/17//17 0/0/0 12.3870 
467 1457080 113 0 1186301.5957 1186712.0956 410.4999 301.0320 1.3636 998/998//998 0/0/0 86.9403 
470 8760 55 0 1187493.0541 1187496.4941 3.4400 3.4320 1.0023 6/6//6 0/0/0 0.0080 
471 55480 9 0 1187580.6449 1187594.6561 14.0112 12.2240 1.1462 38/38//38 0/0/0 1.7871 
473 64240 55 0 1187714.7777 1187739.8906 25.1129 14.8320 1.6932 44/44//44 0/0/0 10.2808 
474 20440 9 0 1187851.1312 1187856.1996 5.0683 5.0240 1.0088 14/14//14 0/0/0 0.0080 
472 778180 70 0 1187671.9088 1187863.8036 191.8947 161.5320 1.1880 533/533//533 0/0/0 2.7272 
475 154760 113 0 1188268.4090 1188306.1249 37.7159 33.4320 1.1281 106/106//106 0/0/0 2.9270 
476 8760 115 0 1188340.3535 1188343.7936 3.4400 3.4320 1.0023 6/6//6 0/0/0 0.0080 
477 65700 115 0 1188957.3912 1188975.8681 18.4768 15.1320 1.2210 45/45//45 0/0/0 3.3448 
478 17520 70 0 1189330.1367 1189335.3767 5.2400 5.2320 1.0015 12/12//12 0/0/0 0.0080 
479 8760 70 0 1189655.6204 1189659.0604 3.4400 3.4320 1.0023 6/6//6 0/0/0 0.0080 
480 16060 55 0 1190345.1432 1190350.0832 4.9400 4.9320 1.0016 11/11//11 0/0/0 0.0080 
483 876000 9 0 1190850.7684 1191045.8561 195.0877 180.8240 1.0789 600/600//600 0/0/0 5.9775 
482 2197300 113 0 1190835.7929 1191522.7063 686.9133 453.1320 1.5159 1505/1505//1505 0/0/0 212.0431 
484 8760 113 0 1191755.7680 1191759.4879 3.7199 3.4320 1.0839 6/6//6 0/0/0 0.0080 
485 1703820 113 0 1191843.7321 1192221.9316 378.1995 351.7320 1.0752 1167/1167//1167 0/0/0 9.8600 
481 4920200 115 0 1190501.6133 1192606.1395 2104.5262 1012.6320 2.0783 3370/3370//3370 0/0/0 2.6227 
486 3734680 70 0 1192280.5811 1193413.8561 1133.2749 769.0320 1.4736 2558/2558//2558 0/0/0 326.9549 
488 724160 115 0 1194492.7505 1194653.5733 160.8228 150.4320 1.0691 496/496//496 0/0/0 2.0824 
490 1089160 9 0 1194818.2485 1195054.7561 236.5076 224.6240 1.0529 746/746//746 0/0/0 1.0916 
489 2779840 9 0 1194574.5220 1195490.9560 916.4340 572.0240 1.6021 1904/1904//1904 0/0/0 80.1100 
491 17520 70 0 1195647.4631 1195652.7173 5.2542 5.2320 1.0042 12/12//12 0/0/0 0.0080 
492 10220 70 0 1196025.5994 1196029.6464 4.0470 3.7320 1.0844 7/7//7 0/0/0 0.0080 
493 32120 115 0 1196127.0415 1196137.4979 10.4563 8.2320 1.2702 22/22//22 0/0/0 2.2243 
494 81760 113 0 1196508.9480 1196535.8300 26.8820 18.4320 1.4584 56/56//56 0/0/0 8.4499 
495 509540 9 0 1196750.5150 1196873.6640 123.1491 105.5240 1.1670 349/349//349 0/0/0 13.0377 
496 61320 70 0 1196870.7385 1196889.5681 18.8295 14.2320 1.3230 42/42//42 0/0/0 4.5975 
497 8760 9 0 1197461.9550 1197464.7233 2.7684 2.6240 1.0550 6/6//6 0/0/0 0.0080 
498 17520 113 0 1198183.0806 1198188.4927 5.4121 5.2320 1.0344 12/12//12 0/0/0 0.0080 
499 58400 70 0 1198184.4580 1198220.1503 35.6923 13.6320 2.6183 40/40//40 0/0/0 22.0603 
500 607360 115 0 1198390.1706 1198524.8265 134.6559 126.4320 1.0650 416/416//416 0/0/0 2.0147 
501 37960 113 0 1198966.4866 1198988.1343 21.6477 9.4320 2.2951 26/26//26 0/0/0 12.2157 
487 25433200 115 0 1193159.0723 1200226.6549 7067.5826 5227.6320 1.3520 17420/17420//17420 0/0/0 255.7637 
502 54020 9 0 1200273.5105 1200287.9561 14.4456 11.9240 1.2115 37/37//37 0/0/0 2.5215 
503 8760 113 0 1200388.8202 1200392.2602 3.4400 3.4320 1.0023 6/6//6 0/0/0 0.0080 
506 26280 115 0 1201637.6332 1201658.0379 20.4048 7.0320 2.9017 18/18//18 0/0/0 13.3727 
504 2219200 70 0 1201270.2373 1201761.1635 490.9263 457.6320 1.0728 1520/1520//1520 0/0/0 2.4988 
507 39420 9 0 1202559.4125 1202576.4556 17.0430 8.9240 1.9098 27/27//27 0/0/0 8.1190 
509 1811860 70 0 1202939.9057 1203347.9047 407.9990 373.9320 1.0911 1241/1241//1241 0/0/0 16.1018 
510 8760 55 0 1203714.6589 1203718.2835 3.6247 3.4320 1.0561 6/6//6 0/0/0 0.1927 
508 3517140 55 0 1202899.3225 1204064.8830 1165.5604 724.3320 1.6092 2409/2409//2409 0/0/0 6.2617 
511 8760 9 0 1204320.6804 1204323.5408 2.8603 2.6240 1.0901 6/6//6 0/0/0 0.0080 
515 46720 113 0 1205439.9290 1205465.3681 25.4390 11.2320 2.2649 32/32//32 0/0/0 14.2070 
516 81760 55 0 1205537.4058 1205560.7681 23.3623 18.4320 1.2675 56/56//56 0/0/0 4.9302 
514 2022100 9 0 1205412.0632 1205897.6560 485.5929 416.3240 1.1664 1385/1385//1385 0/0/0 16.5688 
518 8760 55 0 1206257.2525 1206260.7947 3.5422 3.4320 1.0321 6/6//6 0/0/0 0.0080 
513 3963900 115 0 1205304.5442 1206656.4718 1351.9277 816.1320 1.6565 2715/2715//2715 0/0/0 23.6523 
519 8760 113 0 1207121.3227 1207124.8142 3.4915 3.4320 1.0173 6/6//6 0/0/0 0.0080 
521 52560 9 0 1207895.7361 1207930.5829 34.8468 11.6240 2.9978 36/36//36 0/0/0 23.2227 
512 9573220 70 0 1204974.7238 1208386.1886 3411.4648 1968.7320 1.7328 6557/6557//6557 0/0/0 1.7677 
522 20440 115 0 1209234.1047 1209240.1000 5.9952 5.8320 1.0280 14/14//14 0/0/0 0.0080 
520 4851580 113 0 1207351.7622 1209463.8262 2112.0640 998.5320 2.1152 3323/3323//3323 0/0/0 1059.9265 
523 372300 70 0 1209711.7885 1209799.4345 87.6460 78.1320 1.1218 255/255//255 0/0/0 5.7323 
524 61320 115 0 1209770.0659 1209815.3681 45.3021 14.2320 3.1831 42/42//42 0/0/0 31.0701 
525 61320 9 0 1211519.5632 1211543.2868 23.7236 13.4240 1.7673 42/42//42 0/0/0 10.2996 
517 9761560 55 0 1206167.1408 1211686.9644 5519.8236 2007.4320 2.7497 6686/6686//6686 0/0/0 3298.2952 
526 2984240 115 0 1211682.8334 1212333.3100 650.4766 614.8320 1.0580 2044/2044//2044 0/0/0 5.6026 
527 18980 9 0 1212605.8871 1212610.7408 4.8538 4.7240 1.0275 13/13//13 0/0/0 0.0080 
528 759200 115 0 1212910.5889 1213082.7470 172.1581 157.6320 1.0922 520/520//520 0/0/0 7.2721 
530 45260 113 0 1214253.2095 1214279.8876 26.6781 10.9320 2.4404 31/31//31 0/0/0 15.7461 
532 8760 9 0 1214666.5256 1214669.2484 2.7228 2.6240 1.0376 6/6//6 0/0/0 0.0080 
505 20533440 70 0 1201546.1177 1214882.7281 13336.6105 4220.8320 3.1597 14064/14064//14064 0/0/0 215.7891 
535 8760 9 0 1215048.0947 1215050.9261 2.8314 2.6240 1.0790 6/6//6 0/0/0 0.0080 
537 8760 9 0 1215470.2344 1215473.0280 2.7936 2.6240 1.0646 6/6//6 0/0/0 0.0080 
533 4153700 55 0 1214758.4054 1215785.2337 1026.8283 855.1320 1.2008 2845/2845//2845 0/0/0 125.9306 
538 26280 113 0 1216449.3779 1216473.5680 24.1901 7.0320 3.4400 18/18//18 0/0/0 17.1581 
539 24820 70 0 1216738.0079 1216758.5680 20.5601 6.7320 3.0541 17/17//17 0/0/0 13.8281 
534 6353920 9 0 1214889.7976 1217173.1561 2283.3585 1306.4240 1.7478 4352/4352//4352 0/0/0 895.9344 
540 8760 70 0 1217357.2299 1217360.8854 3.6555 3.4320 1.0651 6/6//6 0/0/0 0.0080 
541 37960 113 0 1217446.2728 1217463.5280 17.2553 9.4320 1.8294 26/26//26 0/0/0 7.8232 
542 26280 113 0 1217739.2190 1217774.1898 34.9707 7.0320 4.9731 18/18//18 0/0/0 27.9387 
544 381060 70 0 1218147.0452 1218233.8365 86.7913 79.9320 1.0858 261/261//261 0/0/0 2.0255 
545 55480 55 0 1218291.4100 1218323.8514 32.4414 13.0320 2.4894 38/38//38 0/0/0 19.4094 
543 781100 70 0 1218054.6024 1218346.1681 291.5656 162.1320 1.7983 535/535//535 0/0/0 23.0432 
531 7012380 55 0 1214572.6888 1218980.1515 4407.4627 1442.5320 3.0554 4803/4803//4803 0/0/0 2602.1473 
548 24820 9 0 1219042.9150 1219062.4233 19.5083 5.9240 3.2931 17/17//17 0/0/0 13.5843 
549 26280 70 0 1219109.1492 1219121.3946 12.2454 7.0320 1.7414 18/18//18 0/0/0 5.2134 
550 1262900 9 0 1219517.5579 1219797.5561 279.9982 260.3240 1.0756 865/865//865 0/0/0 7.8305 
551 8760 115 0 1220723.2333 1220726.7100 3.4768 3.4320 1.0130 6/6//6 0/0/0 0.0080 
547 6634240 113 0 1219007.5715 1220754.4693 1746.8978 1364.8320 1.2799 4544/4544//4544 0/0/0 23.9645 
552 4559580 115 0 1221492.1071 1222497.4566 1005.3495 938.5320 1.0712 3123/3123//3123 0/0/0 19.8290 
554 499320 70 0 1222707.2033 1222834.2019 126.9986 104.2320 1.2184 342/342//342 0/0/0 17.9327 
553 4467600 9 0 1221583.5411 1223573.0560 1989.5150 918.8240 2.1653 3060/3060//3060 0/0/0 914.3910 
529 9215520 9 0 1213074.6549 1224755.9561 11681.3012 1894.4240 6.1661 6312/6312//6312 0/0/0 5906.0772 
557 106580 9 0 1225291.6530 1225334.2593 42.6063 22.7240 1.8749 73/73//73 0/0/0 19.8822 
556 3991640 113 0 1224787.5751 1225676.6282 889.0532 821.8320 1.0818 2734/2734//2734 0/0/0 2.0275 
555 6631320 113 0 1223948.9244 1227077.3922 3128.4678 1364.2320 2.2932 4542/4542//4542 0/0/0 808.4116 
559 8760 113 0 1227542.5590 1227546.1142 3.5553 3.4320 1.0359 6/6//6 0/0/0 0.0080 
558 2781300 70 0 1226791.1719 1227681.0026 889.8306 573.1320 1.5526 1905/1905//1905 0/0/0 287.2641 
561 61320 113 0 1229238.1270 1229259.1855 21.0585 14.2320 1.4797 42/42//42 0/0/0 6.8265 
560 3721540 55 0 1228473.9011 1229307.7353 833.8342 766.3320 1.0881 2549/2549//2549 0/0/0 15.0893 
564 16060 55 0 1229769.3361 1229774.4680 5.1319 4.9320 1.0405 11/11//11 0/0/0 0.0080 
565 39420 70 0 1230001.6363 1230027.5680 25.9318 9.7320 2.6646 27/27//27 0/0/0 16.1997 
566 411720 70 0 1230186.0844 1230295.0459 108.9615 86.2320 1.2636 282/282//282 0/0/0 18.9516 
562 5527560 9 0 1229277.2981 1230606.5560 1329.2579 1136.6240 1.1695 3786/3786//3786 0/0/0 30.9339 
567 315360 115 0 1231011.7647 1231105.4870 93.7223 66.4320 1.4108 216/216//216 0/0/0 24.8733 
568 43800 9 0 1231310.0646 1231343.2911 33.2264 9.8240 3.3822 30/30//30 0/0/0 23.4024 
536 9622860 70 0 1215292.4530 1231961.2715 16668.8185 1978.9320 8.4231 6591/6591//6591 0/0/0 12389.8830 
569 927100 70 0 1232329.8508 1232541.4593 211.6085 192.1320 1.1014 635/635//635 0/0/0 11.1592 
570 584000 115 0 1232421.4953 1232668.8244 247.3291 121.6320 2.0334 400/400//400 0/0/0 120.8407 
571 924180 55 0 1232759.4600 1232970.2613 210.8013 191.5320 1.1006 633/633//633 0/0/0 10.6463 
574 62780 115 0 1233446.0051 1233465.1684 19.1633 14.5320 1.3187 43/43//43 0/0/0 4.6313 
573 781100 113 0 1233308.0880 1233510.1266 202.0385 162.1320 1.2461 535/535//535 0/0/0 16.3480 
575 14600 115 0 1233955.0894 1233959.7681 4.6787 4.6320 1.0101 10/10//10 0/0/0 0.0080 
576 35040 113 0 1233999.0895 1234027.1680 28.0785 8.8320 3.1792 24/24//24 0/0/0 19.2465 
577 14600 55 0 1234157.9422 1234162.8680 4.9258 4.6320 1.0634 10/10//10 0/0/0 0.0080 
572 4730400 9 0 1232785.1013 1234194.5561 1409.4548 972.8240 1.4488 3240/3240//3240 0/0/0 186.1308 
578 8760 113 0 1234960.8582 1234964.3063 3.4481 3.4320 1.0047 6/6//6 0/0/0 0.0161 
563 8767300 113 0 1229568.6987 1235642.0556 6073.3568 1803.1320 3.3682 6005/6005//6005 0/0/0 2394.0373 
579 52560 9 0 1235825.6080 1235856.6198 31.0118 11.6240 2.6679 36/36//36 0/0/0 19.3878 
580 45260 115 0 1236358.3886 1236372.4136 14.0249 10.9320 1.2829 31/31//31 0/0/0 2.0361 
581 8760 115 0 1236895.8974 1236899.5136 3.6162 3.4320 1.0537 6/6//6 0/0/0 0.1842 
582 8760 55 0 1237179.8077 1237183.2641 3.4564 3.4320 1.0071 6/6//6 0/0/0 0.0080 
583 78840 55 0 1237809.1231 1237830.8188 21.6957 17.8320 1.2167 54/54//54 0/0/0 3.8637 
584 23360 9 0 1239141.3710 1239147.0976 5.7266 5.6240 1.0182 16/16//16 0/0/0 0.0080 
585 96360 55 0 1239192.7383 1239219.3586 26.6203 21.4320 1.2421 66/66//66 0/0/0 5.1882 
587 52560 55 0 1239425.1510 1239459.7959 34.6449 12.4320 2.7868 36/36//36 0/0/0 22.2128 
586 3233900 113 0 1239196.0551 1239933.4062 737.3511 666.1320 1.1069 2215/2215//2215 0/0/0 24.2809 
588 65700 55 0 1240070.8583 1240101.3181 30.4598 15.1320 2.0129 45/45//45 0/0/0 15.3277 
589 62780 70 0 1240924.6619 1240948.5538 23.8918 14.5320 1.6441 43/43//43 0/0/0 9.3598 
590 4304080 70 0 1241054.2074 1242005.5375 951.3301 886.0320 1.0737 2948/2948//2948 0/0/0 22.1217 
591 24820 70 0 1242008.6367 1242038.8336 30.1970 6.7320 4.4856 17/17//17 0/0/0 23.4650 
592 26280 113 0 1242290.2203 1242324.5041 34.2838 7.0320 4.8754 18/18//18 0/0/0 27.2517 
593 61320 9 0 1242335.9173 1242364.6217 28.7044 13.4240 2.1383 42/42//42 0/0/0 15.2803 
546 26631860 115 0 1218559.6145 1243154.4312 24594.8167 5473.9320 4.4931 18241/18241//18241 0/0/0 14109.9523 
594 172280 113 0 1244006.0081 1244047.6249 41.6168 37.0320 1.1238 118/118//118 0/0/0 3.2279 
595 74460 113 0 1244289.3992 1244309.6681 20.2689 16.9320 1.1971 51/51//51 0/0/0 3.3368 
596 613200 113 0 1244350.5555 1244486.8524 136.2969 127.6320 1.0679 420/420//420 0/0/0 2.4805 
598 46720 55 0 1245163.7934 1245184.1681 20.3747 11.2320 1.8140 32/32//32 0/0/0 9.1426 
599 32120 113 0 1245290.2837 1245319.7680 29.4844 8.2320 3.5817 22/22//22 0/0/0 21.2524 
601 83220 9 0 1245374.1423 1245414.7370 40.5948 17.9240 2.2648 57/57//57 0/0/0 22.6707 
602 8760 70 0 1245611.8804 1245615.4798 3.5995 3.4320 1.0488 6/6//6 0/0/0 0.1674 
600 1365100 70 0 1245299.6277 1245642.3295 342.7018 282.1320 1.2147 935/935//935 0/0/0 21.8083 
603 32120 70 0 1245719.6213 1245752.6680 33.0467 8.2320 4.0144 22/22//22 0/0/0 24.8147 
604 8760 115 0 1246160.2129 1246163.7680 3.5551 3.4320 1.0359 6/6//6 0/0/0 0.0080 
605 74460 113 0 1246256.2481 1246277.0681 20.8200 16.9320 1.2296 51/51//51 0/0/0 3.8879 
606 54020 113 0 1246425.1071 1246442.0681 16.9609 12.7320 1.3321 37/37//37 0/0/0 4.2289 
607 8760 9 0 1246523.7384 1246526.6640 2.9256 2.6240 1.1149 6/6//6 0/0/0 0.3016 
608 21900 55 0 1246581.2241 1246587.3681 6.1440 6.1320 1.0020 15/15//15 0/0/0 0.0080 
609 8760 115 0 1246672.1068 1246675.5681 3.4613 3.4320 1.0085 6/6//6 0/0/0 0.0080 
610 64240 70 0 1246898.0016 1246920.2681 22.2665 14.8320 1.5012 44/44//44 0/0/0 7.4344 
612 11680 115 0 1247099.0052 1247103.1644 4.1592 4.0320 1.0315 8/8//8 0/0/0 0.0080 
611 1858580 113 0 1246945.3186 1247376.5492 431.2305 383.5320 1.1244 1273/1273//1273 0/0/0 26.7174 
614 26280 115 0 1247641.8241 1247662.1680 20.3439 7.0320 2.8931 18/18//18 0/0/0 13.3119 
615 17520 55 0 1247684.3688 1247689.8681 5.4993 5.2320 1.0511 12/12//12 0/0/0 0.0080 
616 8760 70 0 1248285.7728 1248289.2681 3.4953 3.4320 1.0185 6/6//6 0/0/0 0.0080 
617 318280 9 0 1248522.9224 1248593.6561 70.7337 66.2240 1.0681 218/218//218 0/0/0 2.1096 
613 6640080 9 0 1247270.6495 1248893.6561 1623.0066 1365.2240 1.1888 4548/4548//4548 0/0/0 106.8825 
618 803000 70 0 1248967.0436 1249144.8221 177.7785 166.6320 1.0669 550/550//550 0/0/0 3.8924 
619 1832300 70 0 1249100.2142 1249542.8332 442.6190 378.1320 1.1705 1255/1255//1255 0/0/0 46.2218 
620 1235160 70 0 1249798.4240 1250088.9448 290.5208 255.4320 1.1374 846/846//846 0/0/0 23.0120 
621 550420 115 0 1250625.0828 1250764.4988 139.4159 114.7320 1.2151 377/377//377 0/0/0 19.8532 
622 8760 113 0 1251363.2693 1251366.9681 3.6988 3.4320 1.0777 6/6//6 0/0/0 0.0080 
624 43800 113 0 1251882.5348 1251911.9681 29.4333 10.6320 2.7684 30/30//30 0/0/0 18.8013 
625 8760 113 0 1252187.0598 1252190.7929 3.7331 3.4320 1.0877 6/6//6 0/0/0 0.0080 
626 46720 70 0 1252331.8500 1252353.5681 21.7181 11.2320 1.9336 32/32//32 0/0/0 10.4861 
597 19453040 9 0 1244893.2996 1252422.2561 7528.9564 3998.0240 1.8832 13324/13324//13324 0/0/0 2.0324 
629 8760 113 0 1252731.9866 1252735.6854 3.6987 3.4320 1.0777 6/6//6 0/0/0 0.2667 
628 1057040 113 0 1252523.0758 1252785.7943 262.7185 218.8320 1.2005 724/724//724 0/0/0 27.1602 
623 3682120 9 0 1251843.5564 1253455.1561 1611.5997 757.4240 2.1277 2522/2522//2522 0/0/0 580.2756 
630 10220 70 0 1253731.6632 1253735.4697 3.8064 3.7320 1.0199 7/7//7 0/0/0 0.0496 
631 8760 9 0 1254263.2495 1254265.8921 2.6425 2.6240 1.0071 6/6//6 0/0/0 0.0080 
632 8760 115 0 1254625.3950 1254628.9243 3.5293 3.4320 1.0284 6/6//6 0/0/0 0.0080 
633 65700 55 0 1255074.4863 1255115.2058 40.7194 15.1320 2.6909 45/45//45 0/0/0 25.5874 
634 172280 115 0 1255555.0711 1255608.2583 53.1871 37.0320 1.4362 118/118//118 0/0/0 14.7974 
635 55480 55 0 1255797.5681 1255824.0318 26.4637 13.0320 2.0307 38/38//38 0/0/0 13.4317 
636 148920 70 0 1256252.7098 1256287.8918 35.1820 32.2320 1.0915 102/102//102 0/0/0 1.8931 
637 62780 9 0 1257087.5909 1257108.7849 21.1940 13.7240 1.5443 43/43//43 0/0/0 7.4700 
627 17165220 70 0 1252480.8640 1257289.2094 4808.3453 3528.7320 1.3626 11757/11757//11757 0/0/0 975.6720 
640 17520 115 0 1258379.0027 1258384.2681 5.2653 5.2320 1.0064 12/12//12 0/0/0 0.0080 
638 3839800 9 0 1257966.0044 1258799.6561 833.6517 789.8240 1.0555 2630/2630//2630 0/0/0 1.8276 
641 8760 9 0 1260353.2525 1260355.9415 2.6890 2.6240 1.0248 6/6//6 0/0/0 0.0080 
642 8760 55 0 1261271.5245 1261275.2258 3.7014 3.4320 1.0785 6/6//6 0/0/0 0.2446 
643 8760 9 0 1261500.2515 1261503.0337 2.7823 2.6240 1.0603 6/6//6 0/0/0 0.0080 
645 1645420 9 0 1262061.9716 1262438.3560 376.3844 338.9240 1.1105 1127/1127//1127 0/0/0 20.6934 
646 134320 115 0 1262781.1949 1262823.8427 42.6478 29.2320 1.4589 92/92//92 0/0/0 12.0573 
647 51100 115 0 1263256.5037 1263291.4150 34.9113 12.1320 2.8776 35/35//35 0/0/0 22.7793 
639 20080840 55 0 1258275.4008 1263546.4872 5271.0864 4127.8320 1.2770 13754/13754//13754 0/0/0 526.2353 
648 58400 115 0 1264351.8621 1264392.6538 40.7916 13.6320 2.9923 40/40//40 0/0/0 27.1596 
649 30660 70 0 1264556.7819 1264566.6173 9.8354 7.9320 1.2400 21/21//21 0/0/0 1.9034 
650 10220 115 0 1264600.1571 1264603.9329 3.7758 3.7320 1.0117 7/7//7 0/0/0 0.0080 
651 37960 115 0 1265223.5202 1265259.6125 36.0923 9.4320 3.8266 26/26//26 0/0/0 26.6603 
653 46720 9 0 1266200.9405 1266228.8444 27.9039 10.4240 2.6769 32/32//32 0/0/0 17.4799 
654 8760 115 0 1266325.2498 1266328.9491 3.6994 3.4320 1.0779 6/6//6 0/0/0 0.2674 
652 2752100 115 0 1265894.8106 1266528.5025 633.6919 567.1320 1.1174 1885/1885//1885 0/0/0 21.5129 
656 73000 9 0 1266987.0714 1267024.1662 37.0948 15.8240 2.3442 50/50//50 0/0/0 21.2707 
655 7575940 55 0 1266607.0819 1268283.1942 1676.1124 1558.3320 1.0756 5189/5189//5189 0/0/0 23.6904 
658 8760 55 0 1268913.0024 1268916.4907 3.4883 3.4320 1.0164 6/6//6 0/0/0 0.0080 
659 35040 115 0 1269605.7395 1269616.5800 10.8405 8.8320 1.2274 24/24//24 0/0/0 2.0085 
657 6626940 115 0 1268395.9446 1269852.7871 1456.8425 1363.3320 1.0686 4539/4539//4539 0/0/0 14.2845 
660 32120 70 0 1271697.2008 1271707.5280 10.3273 8.2320 1.2545 22/22//22 0/0/0 2.0952 
644 22413920 70 0 1261645.8480 1272141.2349 10495.3869 4607.2320 2.2780 15352/15352//15352 0/0/0 1901.4880 
661 23360 9 0 1273868.6784 1273874.3104 5.6320 5.6240 1.0014 16/16//16 0/0/0 0.0080 
663 67160 9 0 1274121.9579 1274149.3355 27.3776 14.6240 1.8721 46/46//46 0/0/0 12.7535 
664 125560 115 0 1274285.3768 1274331.1757 45.7990 27.4320 1.6695 86/86//86 0/0/0 17.0093 
665 46720 55 0 1274676.4422 1274696.1731 19.7309 11.2320 1.7567 32/32//32 0/0/0 8.4989 
666 106580 115 0 1274762.4099 1274796.7475 34.3376 23.5320 1.4592 73/73//73 0/0/0 10.8055 
667 58400 113 0 1274919.2602 1274936.2604 17.0002 13.6320 1.2471 40/40//40 0/0/0 2.0114 
662 5356740 113 0 1274056.8272 1275314.7644 1257.9372 1102.3320 1.1412 3669/3669//3669 0/0/0 2.5089 
669 8760 115 0 1275405.2730 1275408.8761 3.6031 3.4320 1.0498 6/6//6 0/0/0 0.0080 
668 124100 55 0 1275390.5453 1275423.4329 32.8876 27.1320 1.2121 85/85//85 0/0/0 2.5907 
670 20440 55 0 1275761.4989 1275767.3389 5.8400 5.8320 1.0014 14/14//14 0/0/0 0.0080 
671 8760 115 0 1276157.4358 1276160.8758 3.4400 3.4320 1.0023 6/6//6 0/0/0 0.0080 
672 8760 9 0 1276335.3139 1276337.9459 2.6320 2.6240 1.0031 6/6//6 0/0/0 0.0080 
673 27740 9 0 1276402.2200 1276410.8560 8.6360 6.5240 1.3237 19/19//19 0/0/0 2.1120 
674 8760 70 0 1276493.0686 1276496.5086 3.4400 3.4320 1.0023 6/6//6 0/0/0 0.0080 
675 26280 115 0 1276835.7085 1276845.5680 9.8596 7.0320 1.4021 18/18//18 0/0/0 2.8276 
676 1360720 113 0 1277017.7291 1277314.9937 297.2646 281.2320 1.0570 932/932//932 0/0/0 2.6069 
677 23360 70 0 1277469.5907 1277476.0307 6.4400 6.4320 1.0012 16/16//16 0/0/0 0.0080 
678 18980 113 0 1278343.6766 1278349.2166 5.5400 5.5320 1.0014 13/13//13 0/0/0 0.0080 
679 8760 70 0 1278401.6046 1278405.0446 3.4400 3.4320 1.0023 6/6//6 0/0/0 0.0080 
680 89060 70 0 1278974.8995 1278997.7681 22.8685 19.9320 1.1473 61/61//61 0/0/0 2.9365 
681 65700 113 0 1278996.8203 1279014.5681 17.7478 15.1320 1.1729 45/45//45 0/0/0 2.6158 
682 8760 115 0 1279015.9399 1279019.3799 3.4400 3.4320 1.0023 6/6//6 0/0/0 0.0080 
683 61320 115 0 1279175.7984 1279192.7681 16.9697 14.2320 1.1924 42/42//42 0/0/0 2.7376 
685 46720 9 0 1280203.4177 1280229.0416 25.6239 10.4240 2.4582 32/32//32 0/0/0 15.1919 
686 83220 9 0 1280226.0366 1280248.1561 22.1194 17.9240 1.2341 57/57//57 0/0/0 4.1954 
684 1642500 115 0 1279964.2239 1280353.4955 389.2716 339.1320 1.1478 1125/1125//1125 0/0/0 2.7121 
687 1146100 70 0 1280972.3942 1281223.0800 250.6858 237.1320 1.0572 785/785//785 0/0/0 2.5418 
688 49640 115 0 1281335.2884 1281350.3681 15.0796 11.8320 1.2745 34/34//34 0/0/0 3.2476 
690 566480 70 0 1282138.6149 1282287.5988 148.9839 118.0320 1.2622 388/388//388 0/0/0 26.1211 
689 1449780 9 0 1281986.2480 1282425.2561 439.0081 298.7240 1.4696 993/993//993 0/0/0 1.6841 
691 2125760 9 0 1283717.3002 1284178.7560 461.4558 437.6240 1.0545 1456/1456//1456 0/0/0 2.2318 
692 141620 113 0 1284285.9111 1284320.8249 34.9138 30.7320 1.1361 97/97//97 0/0/0 2.8249 
693 8760 9 0 1285745.6613 1285748.2933 2.6320 2.6240 1.0031 6/6//6 0/0/0 0.0080 
695 93440 55 0 1286559.7244 1286592.8681 33.1437 20.8320 1.5910 64/64//64 0/0/0 12.3117 
694 1871720 9 0 1286291.9024 1286721.5560 429.6536 385.4240 1.1148 1282/1282//1282 0/0/0 2.5296 
696 55480 55 0 1288935.7989 1288952.0681 16.2691 13.0320 1.2484 38/38//38 0/0/0 3.2371 
697 51100 70 0 1289617.3391 1289632.4681 15.1289 12.1320 1.2470 35/35//35 0/0/0 2.9969 
699 23360 113 0 1290474.9765 1290481.6329 6.6564 6.4320 1.0349 16/16//16 0/0/0 0.0080 
700 48180 115 0 1290734.9742 1290748.4097 13.4355 11.5320 1.1651 33/33//33 0/0/0 1.9035 
702 8760 70 0 1290993.6832 1290997.4008 3.7176 3.4320 1.0832 6/6//6 0/0/0 0.2856 
701 1042440 70 0 1290845.7239 1291081.8658 236.1419 215.8320 1.0941 714/714//714 0/0/0 4.9484 
703 73000 113 0 1291185.1613 1291225.6612 40.4999 16.6320 2.4351 50/50//50 0/0/0 23.8679 
704 56940 115 0 1291655.8319 1291671.2430 15.4111 13.3320 1.1559 39/39//39 0/0/0 2.0791 
698 8253380 115 0 1290444.6467 1292511.6450 2066.9982 1697.5320 1.2176 5653/5653//5653 0/0/0 2.7893 
706 27740 70 0 1292825.3802 1292838.9181 13.5379 7.3320 1.8464 19/19//19 0/0/0 6.2059 
707 64240 9 0 1293373.1138 1293408.7161 35.6022 14.0240 2.5387 44/44//44 0/0/0 21.5782 
709 468660 9 0 1293694.3155 1293814.1560 119.8405 97.1240 1.2339 321/321//321 0/0/0 18.0245 
708 2081960 70 0 1293443.0263 1294014.1718 571.1456 429.4320 1.3300 1426/1426//1426 0/0/0 17.6323 
710 102200 115 0 1294522.2346 1294566.8712 44.6366 22.6320 1.9723 70/70//70 0/0/0 22.0045 
712 17520 9 0 1294853.3019 1294858.0072 4.7054 4.4240 1.0636 12/12//12 0/0/0 0.0080 
713 90520 70 0 1294890.3879 1294920.2353 29.8475 20.2320 1.4753 62/62//62 0/0/0 9.6154 
705 7862100 113 0 1292677.2691 1295006.2411 2328.9720 1617.1320 1.4402 5385/5385//5385 0/0/0 3.0669 
711 6694100 9 0 1294798.0384 1296452.0561 1654.0177 1376.3240 1.2018 4585/4585//4585 0/0/0 209.2937 
714 20440 9 0 1297161.0774 1297166.1094 5.0320 5.0240 1.0016 14/14//14 0/0/0 0.0080 
716 58400 9 0 1297658.4288 1297674.5318 16.1030 12.8240 1.2557 40/40//40 0/0/0 3.2790 
717 105120 113 0 1297911.1540 1297951.5456 40.3916 23.2320 1.7386 72/72//72 0/0/0 17.1595 
715 3749280 55 0 1297230.5036 1298082.7524 852.2488 772.0320 1.1039 2568/2568//2568 0/0/0 2.9325 
719 8760 55 0 1298277.3145 1298280.8761 3.5616 3.4320 1.0378 6/6//6 0/0/0 0.0080 
720 32120 9 0 1298865.6720 1298894.6947 29.0227 7.4240 3.9093 22/22//22 0/0/0 21.5987 
721 74460 9 0 1298923.9059 1298962.7786 38.8726 16.1240 2.4109 51/51//51 0/0/0 22.7486 
723 64240 70 0 1299047.4325 1299064.3555 16.9230 14.8320 1.1410 44/44//44 0/0/0 2.0909 
724 71540 113 0 1299260.4367 1299283.8383 23.4016 16.3320 1.4329 49/49//49 0/0/0 7.0695 
722 1191360 70 0 1299032.6423 1299331.6258 298.9835 246.4320 1.2132 816/816//816 0/0/0 7.2731 
725 8760 9 0 1299969.9899 1299972.7940 2.8040 2.6240 1.0686 6/6//6 0/0/0 0.0080 
726 26280 55 0 1300070.6879 1300098.1910 27.5032 7.0320 3.9111 18/18//18 0/0/0 20.4711 
727 8760 70 0 1300417.7243 1300421.4586 3.7343 3.4320 1.0881 6/6//6 0/0/0 0.0080 
728 46720 70 0 1301990.3614 1302027.4994 37.1380 11.2320 3.3064 32/32//32 0/0/0 25.9060 
729 379600 70 0 1303236.4355 1303346.7384 110.3029 79.6320 1.3852 260/260//260 0/0/0 27.1978 
730 37960 113 0 1304000.3710 1304037.9221 37.5511 9.4320 3.9812 26/26//26 0/0/0 28.1190 
718 25001040 115 0 1298253.1115 1304092.4818 5839.3702 5138.8320 1.1363 17124/17124//17124 0/0/0 2.7245 
731 20440 115 0 1304301.9862 1304307.8262 5.8400 5.8320 1.0014 14/14//14 0/0/0 0.0080 
732 8760 70 0 1304317.1353 1304320.5753 3.4400 3.4320 1.0023 6/6//6 0/0/0 0.0080 
733 33580 115 0 1304795.7982 1304807.3681 11.5699 8.5320 1.3561 23/23//23 0/0/0 3.0379 
734 2584200 70 0 1304896.7208 1305458.8193 562.0985 532.6320 1.0553 1770/1770//1770 0/0/0 2.9152 
735 65700 113 0 1305546.3802 1305564.5681 18.1879 15.1320 1.2019 45/45//45 0/0/0 3.0558 
736 33580 55 0 1306468.3321 1306479.5681 11.2360 8.5320 1.3169 23/23//23 0/0/0 2.7040 
737 1519860 55 0 1306469.9560 1306810.7242 340.7681 313.9320 1.0855 1041/1041//1041 0/0/0 10.9800 
739 159140 70 0 1307105.3070 1307150.2257 44.9187 34.3320 1.3084 109/109//109 0/0/0 9.2290 
740 35040 70 0 1308614.7399 1308647.0681 32.3281 8.8320 3.6603 24/24//24 0/0/0 23.4961 
741 94900 70 0 1309369.6372 1309400.0681 30.4309 21.1320 1.4400 65/65//65 0/0/0 9.2988 
743 8760 113 0 1309708.8630 1309712.4680 3.6050 3.4320 1.0504 6/6//6 0/0/0 0.0080 
742 1489200 9 0 1309684.6157 1310009.9560 325.3403 306.8240 1.0603 1020/1020//1020 0/0/0 1.1244 
744 8760 70 0 1310382.0318 1310385.6681 3.6363 3.4320 1.0595 6/6//6 0/0/0 0.0080 
746 20440 70 0 1311066.6337 1311072.6681 6.0344 5.8320 1.0347 14/14//14 0/0/0 0.0080 
747 24820 70 0 1311147.0860 1311158.6680 11.5820 6.7320 1.7204 17/17//17 0/0/0 4.8500 
745 1427880 9 0 1310920.9953 1311243.2561 322.2608 294.2240 1.0953 978/978//978 0/0/0 1.0448 
748 1224940 115 0 1311303.5503 1311585.6448 282.0945 253.3320 1.1135 839/839//839 0/0/0 16.6857 
749 30660 115 0 1312429.9809 1312451.3681 21.3872 7.9320 2.6963 21/21//21 0/0/0 13.4552 
751 899360 55 0 1312807.9216 1313025.4718 217.5502 186.4320 1.1669 616/616//616 0/0/0 22.5144 
738 24237460 9 0 1306540.3337 1313231.6560 6691.3224 4981.1240 1.3433 16601/16601//16601 0/0/0 271.3984 
752 1877560 9 0 1313027.3258 1313639.0560 611.7302 386.6240 1.5822 1286/1286//1286 0/0/0 205.9062 
753 33580 115 0 1313718.2605 1313749.7681 31.5076 8.5320 3.6929 23/23//23 0/0/0 22.9756 
755 26280 70 0 1313981.5832 1314010.3652 28.7820 7.0320 4.0930 18/18//18 0/0/0 21.7500 
754 791320 113 0 1313866.3309 1314056.8258 190.4949 164.2320 1.1599 542/542//542 0/0/0 10.8051 
756 265720 113 0 1314076.3195 1314141.8834 65.5639 56.2320 1.1660 182/182//182 0/0/0 6.9165 
757 496400 115 0 1314235.1897 1314352.7988 117.6090 103.6320 1.1349 340/340//340 0/0/0 9.1463 
758 43800 113 0 1314502.5066 1314541.1681 38.6615 10.6320 3.6363 30/30//30 0/0/0 28.0294 
759 71540 9 0 1314751.6139 1314768.2809 16.6670 15.5240 1.0736 49/49//49 0/0/0 1.1261 
760 62780 113 0 1315143.4075 1315161.5681 18.1605 14.5320 1.2497 43/43//43 0/0/0 3.6285 
750 8121980 9 0 1312533.1768 1315797.2560 3264.0793 1669.7240 1.9549 5563/5563//5563 0/0/0 1106.8553 
762 20440 9 0 1316234.4094 1316239.6389 5.2296 5.0240 1.0409 14/14//14 0/0/0 0.0080 
765 68620 55 0 1316520.1382 1316549.7533 29.6151 15.7320 1.8825 47/47//47 0/0/0 13.8830 
764 2702460 115 0 1316408.3156 1317035.0639 626.7483 556.9320 1.1254 1851/1851//1851 0/0/0 24.8670 
766 8760 55 0 1317071.7806 1317075.4329 3.6524 3.4320 1.0642 6/6//6 0/0/0 0.2204 
767 8760 113 0 1318092.3315 1318096.0080 3.6765 3.4320 1.0712 6/6//6 0/0/0 0.0080 
768 394200 113 0 1318452.6231 1318562.4998 109.8766 82.6320 1.3297 270/270//270 0/0/0 23.7716 
761 10183500 55 0 1315561.0768 1318699.6524 3138.5756 2094.1320 1.4987 6975/6975//6975 0/0/0 237.5592 
770 26280 9 0 1319330.3009 1319362.3372 32.0363 6.2240 5.1472 18/18//18 0/0/0 25.8123 
769 430700 115 0 1319304.5506 1319432.9834 128.4329 90.1320 1.4249 295/295//295 0/0/0 26.6082 
771 32120 9 0 1319533.1715 1319567.8588 34.6873 7.4240 4.6723 22/22//22 0/0/0 27.2633 
773 23360 9 0 1319871.8099 1319877.5640 5.7541 5.6240 1.0231 16/16//16 0/0/0 0.1301 
772 1254140 9 0 1319776.9124 1320074.3561 297.4437 258.5240 1.1505 859/859//859 0/0/0 19.3402 
774 956300 113 0 1320541.6633 1320762.9269 221.2636 198.1320 1.1167 655/655//655 0/0/0 13.7622 
775 267180 55 0 1320752.8069 1320822.8818 70.0749 56.5320 1.2396 183/183//183 0/0/0 11.1291 
763 7974520 55 0 1316389.6700 1321084.5368 4694.8668 1640.2320 2.8623 5462/5462//5462 0/0/0 2311.4660 
776 8760 113 0 1321129.4200 1321132.8600 3.4400 3.4320 1.0023 6/6//6 0/0/0 0.0080 
777 3228060 115 0 1321864.4469 1322564.7117 700.2649 664.9320 1.0531 2211/2211//2211 0/0/0 2.8892 
779 11680 113 0 1322802.7062 1322806.9880 4.2817 4.0320 1.0619 8/8//8 0/0/0 0.2497 
780 8760 70 0 1322868.6928 1322872.2585 3.5658 3.4320 1.0390 6/6//6 0/0/0 0.0080 
778 2392940 113 0 1322294.5962 1323091.9135 797.3173 493.3320 1.6162 1639/1639//1639 0/0/0 271.1398 
781 51100 113 0 1323753.4965 1323768.5681 15.0715 12.1320 1.2423 35/35//35 0/0/0 2.9395 
782 2969640 70 0 1323770.3043 1324415.3900 645.0857 611.8320 1.0544 2034/2034//2034 0/0/0 3.2317 
784 3095200 55 0 1324607.2875 1325303.8836 696.5960 637.6320 1.0925 2120/2120//2120 0/0/0 27.5485 
786 67160 70 0 1325418.9484 1325446.9652 28.0168 15.4320 1.8155 46/46//46 0/0/0 12.5848 
785 1585560 115 0 1325038.4441 1325665.5295 627.0854 327.4320 1.9152 1086/1086//1086 0/0/0 266.8919 
787 8760 55 0 1325794.0922 1325797.5680 3.4758 3.4320 1.0128 6/6//6 0/0/0 0.0080 
788 8760 9 0 1326265.0959 1326267.8641 2.7682 2.6240 1.0550 6/6//6 0/0/0 0.1442 
783 7916120 9 0 1324606.8440 1327356.2561 2749.4121 1627.4240 1.6894 5422/5422//5422 0/0/0 2.3881 
789 32120 113 0 1328704.0811 1328715.5681 11.4870 8.2320 1.3954 22/22//22 0/0/0 3.2550 
790 8760 9 0 1329072.2358 1329074.8678 2.6320 2.6240 1.0031 6/6//6 0/0/0 0.0080 
792 73000 9 0 1329224.4133 1329250.3492 25.9359 15.8240 1.6390 50/50//50 0/0/0 10.1119 
793 24820 113 0 1329362.3214 1329384.7612 22.4398 6.7320 3.3333 17/17//17 0/0/0 15.7078 
794 81760 115 0 1329530.4801 1329555.6181 25.1380 18.4320 1.3638 56/56//56 0/0/0 6.7059 
791 4877860 55 0 1329106.0651 1330206.9180 1100.8529 1003.9320 1.0965 3341/3341//3341 0/0/0 2.6709 
796 8760 70 0 1330801.1700 1330804.8681 3.6981 3.4320 1.0775 6/6//6 0/0/0 0.0080 
797 804460 9 0 1331024.1065 1331199.5561 175.4496 166.1240 1.0561 551/551//551 0/0/0 0.9336 
799 45260 115 0 1331310.2225 1331338.1681 27.9455 10.9320 2.5563 31/31//31 0/0/0 17.0135 
800 17520 113 0 1331755.7562 1331761.2681 5.5119 5.2320 1.0535 12/12//12 0/0/0 0.0080 
798 3245580 9 0 1331187.7393 1331917.1561 729.4168 667.7240 1.0924 2223/2223//2223 0/0/0 13.0927 
802 21900 9 0 1332202.7927 1332208.3874 5.5947 5.3240 1.0508 15/15//15 0/0/0 0.0080 
801 2130140 115 0 1332123.2599 1332610.9142 487.6542 439.3320 1.1100 1459/1459//1459 0/0/0 22.0761 
804 8760 70 0 1332861.2601 1332864.9929 3.7328 3.4320 1.0877 6/6//6 0/0/0 0.0080 
805 8760 115 0 1332947.7866 1332951.3681 3.5814 3.4320 1.0435 6/6//6 0/0/0 0.0080 
803 4655940 9 0 1332624.4032 1333633.7561 1009.3529 957.5240 1.0541 3189/3189//3189 0/0/0 1.1369 
795 9584900 9 0 1329856.8841 1334647.4560 4790.5720 1970.3240 2.4314 6565/6565//6565 0/0/0 351.2480 
806 8760 9 0 1335440.7456 1335443.3776 2.6320 2.6240 1.0031 6/6//6 0/0/0 0.0080 
807 10220 9 0 1335658.0957 1335661.0277 2.9320 2.9240 1.0027 7/7//7 0/0/0 0.0080 
808 563560 113 0 1335816.0165 1335941.3956 125.3791 117.4320 1.0677 386/386//386 0/0/0 3.1196 
812 35040 70 0 1336356.9903 1336367.7933 10.8030 8.8320 1.2232 24/24//24 0/0/0 1.9709 
811 1553440 70 0 1336256.7659 1336605.1967 348.4308 320.8320 1.0860 1064/1064//1064 0/0/0 1.6646 
810 3782860 70 0 1336151.6881 1337322.5054 1170.8173 778.9320 1.5031 2591/2591//2591 0/0/0 5.0117 
814 8760 115 0 1337494.8478 1337498.4681 3.6203 3.4320 1.0549 6/6//6 0/0/0 0.0080 
816 52560 70 0 1338123.3754 1338144.5681 21.1926 12.4320 1.7047 36/36//36 0/0/0 8.7606 
813 4299700 9 0 1336555.0713 1338266.3561 1711.2848 884.3240 1.9351 2945/2945//2945 0/0/0 768.4607 
815 3760960 113 0 1337633.0158 1339081.1248 1448.1090 774.4320 1.8699 2576/2576//2576 0/0/0 635.0202 
818 68620 55 0 1339619.6578 1339652.8449 33.1871 15.7320 2.1095 47/47//47 0/0/0 17.4550 
820 8760 55 0 1340019.3914 1340022.9915 3.6001 3.4320 1.0490 6/6//6 0/0/0 0.0080 
821 967980 55 0 1340198.9788 1340420.6470 221.6681 200.5320 1.1054 663/663//663 0/0/0 11.4500 
824 26280 113 0 1340543.1584 1340554.9732 11.8149 7.0320 1.6802 18/18//18 0/0/0 4.7828 
825 586920 9 0 1340567.6934 1340708.0560 140.3626 121.4240 1.1560 402/402//402 0/0/0 13.1058 
817 7422640 70 0 1338985.0272 1341052.4419 2067.4147 1526.8320 1.3541 5084/5084//5084 0/0/0 97.5089 
827 8760 70 0 1341078.1411 1341081.8811 3.7400 3.4320 1.0897 6/6//6 0/0/0 0.0080 
826 1792880 113 0 1340936.0532 1341443.3692 507.3160 370.0320 1.3710 1228/1228//1228 0/0/0 117.4828 
829 27740 115 0 1341961.2557 1341981.5681 20.3124 7.3320 2.7704 19/19//19 0/0/0 12.9803 
822 2614860 9 0 1340243.7359 1342018.1561 1774.4201 538.1240 3.2974 1791/1791//1791 0/0/0 1200.8961 
830 23360 115 0 1342167.4691 1342174.0685 6.5994 6.4320 1.0260 16/16//16 0/0/0 0.1673 
828 3346320 115 0 1341928.7648 1342751.8790 823.1142 689.2320 1.1942 2292/2292//2292 0/0/0 91.3712 
831 11680 113 0 1342843.4228 1342847.5515 4.1287 4.0320 1.0240 8/8//8 0/0/0 0.0080 
823 3347780 115 0 1340314.9954 1343478.8134 3163.8180 689.5320 4.5884 2293/2293//2293 0/0/0 2437.7407 
833 32120 55 0 1343746.2030 1343765.6209 19.4179 8.2320 2.3588 22/22//22 0/0/0 11.1858 
832 2736040 113 0 1343700.1022 1344308.0961 607.9939 563.8320 1.0783 1874/1874//1874 0/0/0 6.8617 
819 5996220 70 0 1339912.6591 1345377.9224 5465.2634 1233.7320 4.4299 4107/4107//4107 0/0/0 3567.2770 
836 10220 70 0 1345701.0927 1345705.0346 3.9419 3.7320 1.0562 7/7//7 0/0/0 0.2099 
837 11680 115 0 1346106.9539 1346111.1838 4.2299 4.0320 1.0491 8/8//8 0/0/0 0.0080 
838 61320 115 0 1346157.1761 1346180.0680 22.8919 14.2320 1.6085 42/42//42 0/0/0 8.6599 
839 58400 55 0 1346206.3305 1346245.7850 39.4545 13.6320 2.8943 40/40//40 0/0/0 25.8224 
835 4766900 70 0 1345647.7637 1346726.5207 1078.7570 981.1320 1.0995 3265/3265//3265 0/0/0 8.3723 
840 3293760 70 0 1346808.3645 1347541.1133 732.7488 678.4320 1.0801 2256/2256//2256 0/0/0 20.4715 
842 73000 9 0 1347728.0770 1347759.6334 31.5564 15.8240 1.9942 50/50//50 0/0/0 15.7324 
843 1445400 9 0 1347734.3923 1348073.0561 338.6638 297.8240 1.1371 990/990//990 0/0/0 26.4397 
845 24820 113 0 1348595.4030 1348610.3880 14.9850 6.7320 2.2259 17/17//17 0/0/0 8.2530 
841 4653020 55 0 1346842.9271 1348885.5449 2042.6177 957.7320 2.1328 3187/3187//3187 0/0/0 699.6089 
846 18980 9 0 1349946.9107 1349951.6641 4.7534 4.7240 1.0062 13/13//13 0/0/0 0.0293 
834 7022600 9 0 1344624.8621 1350031.4560 5406.5939 1443.8240 3.7446 4810/4810//4810 0/0/0 753.6699 
848 77380 9 0 1351760.8787 1351787.9996 27.1209 16.7240 1.6217 53/53//53 0/0/0 10.3968 
849 37960 70 0 1351787.5728 1351824.4297 36.8569 9.4320 3.9076 26/26//26 0/0/0 27.4249 
847 5181540 113 0 1351697.9502 1352869.3328 1171.3826 1066.3320 1.0985 3549/3549//3549 0/0/0 23.3052 
850 61320 70 0 1353445.2591 1353464.3850 19.1259 14.2320 1.3439 42/42//42 0/0/0 4.8939 
851 56940 55 0 1354464.6446 1354481.3511 16.7065 13.3320 1.2531 39/39//39 0/0/0 2.0177 
844 17506860 55 0 1347829.9362 1354991.2143 7161.2781 3598.9320 1.9898 11991/11991//11991 0/0/0 2202.8998 
853 173740 115 0 1355303.9354 1355359.0265 55.0911 37.3320 1.4757 119/119//119 0/0/0 16.4006 
854 318280 55 0 1355518.2796 1355605.7834 87.5039 67.0320 1.3054 218/218//218 0/0/0 18.0565 
852 3109800 9 0 1354973.7299 1355774.0561 800.3262 639.8240 1.2509 2130/2130//2130 0/0/0 18.6022 
855 8760 9 0 1356059.3306 1356062.1977 2.8671 2.6240 1.0926 6/6//6 0/0/0 0.0080 
856 8760 70 0 1356463.8120 1356467.4197 3.6077 3.4320 1.0512 6/6//6 0/0/0 0.0080 
857 8760 70 0 1356617.5626 1356621.0689 3.5063 3.4320 1.0216 6/6//6 0/0/0 0.0080 
861 8760 9 0 1357913.5063 1357916.3142 2.8079 2.6240 1.0701 6/6//6 0/0/0 0.0080 
862 876000 70 0 1357942.2982 1358140.4596 198.1615 181.6320 1.0910 600/600//600 0/0/0 7.9145 
860 4458840 115 0 1357913.3522 1359080.2613 1166.9091 917.8320 1.2714 3054/3054//3054 0/0/0 11.7933 
863 8760 113 0 1359154.9407 1359158.4195 3.4788 3.4320 1.0136 6/6//6 0/0/0 0.0080 
858 6793380 70 0 1357571.9446 1360222.0995 2650.1549 1397.5320 1.8963 4653/4653//4653 0/0/0 23.8191 
864 24820 115 0 1360801.4833 1360835.2635 33.7801 6.7320 5.0178 17/17//17 0/0/0 27.0481 
809 18949340 55 0 1335952.2713 1362305.5133 26353.2420 3895.3320 6.7653 12979/12979//12979 0/0/0 2.7647 
865 803000 113 0 1362420.5918 1362606.9190 186.3272 166.6320 1.1182 550/550//550 0/0/0 12.4443 
867 36500 55 0 1362689.3607 1362718.5075 29.1468 9.1320 3.1917 25/25//25 0/0/0 20.0148 
866 1084780 115 0 1362428.0065 1362854.8564 426.8500 224.5320 1.9011 743/743//743 0/0/0 180.5296 
868 1131500 9 0 1363074.2265 1363320.5561 246.3296 233.3240 1.0557 775/775//775 0/0/0 1.0136 
871 1890700 9 0 1363497.4160 1363931.9560 434.5400 389.3240 1.1161 1295/1295//1295 0/0/0 26.0774 
869 3306900 113 0 1363097.8577 1364446.6623 1348.8045 681.1320 1.9802 2265/2265//2265 0/0/0 224.3783 
874 1243920 70 0 1364405.8448 1364717.4528 311.6081 257.2320 1.2114 852/852//852 0/0/0 42.2913 
875 604440 55 0 1364856.2310 1364989.8529 133.6219 125.8320 1.0619 414/414//414 0/0/0 1.9015 
873 1316920 55 0 1364220.4409 1365136.3660 915.9252 272.2320 3.3645 902/902//902 0/0/0 498.5952 
872 2390020 55 0 1363963.2764 1365654.4600 1691.1836 492.7320 3.4323 1637/1637//1637 0/0/0 1174.2597 
877 1007400 113 0 1365455.5608 1365874.2359 418.6751 208.6320 2.0068 690/690//690 0/0/0 200.3752 
880 26280 70 0 1365977.4145 1365986.4092 8.9947 7.0320 1.2791 18/18//18 0/0/0 1.9626 
878 3276240 70 0 1365562.3859 1366591.5411 1029.1552 674.8320 1.5251 2244/2244//2244 0/0/0 313.1502 
883 116800 70 0 1367168.4568 1367198.1787 29.7218 25.6320 1.1596 80/80//80 0/0/0 4.0618 
882 874540 115 0 1367069.6398 1367338.1511 268.5113 181.3320 1.4808 599/599//599 0/0/0 27.3906 
881 3279160 113 0 1366287.8392 1367544.9422 1257.1031 675.4320 1.8612 2246/2246//2246 0/0/0 304.9969 
884 8760 9 0 1368528.7787 1368531.7107 2.9320 2.6240 1.1174 6/6//6 0/0/0 0.0080 
879 4720180 55 0 1365900.3862 1368567.3071 2666.9209 971.5320 2.7451 3233/3233//3233 0/0/0 1645.5498 
885 1321300 70 0 1369109.8580 1369409.3025 299.4445 273.1320 1.0963 905/905//905 0/0/0 12.8781 
887 13140 55 0 1370490.6068 1370495.1761 4.5693 4.3320 1.0548 9/9//9 0/0/0 0.0080 
886 26280 9 0 1370486.1672 1370496.2897 10.1225 6.2240 1.6264 18/18//18 0/0/0 1.1729 
888 52560 115 0 1370675.3399 1370711.0681 35.7282 12.4320 2.8739 36/36//36 0/0/0 23.2962 
870 9221360 9 0 1363234.9544 1370867.9560 7633.0016 1895.6240 4.0266 6316/6316//6316 0/0/0 5332.9776 
889 3207620 115 0 1370886.2281 1371588.2134 701.9853 660.7320 1.0624 2197/2197//2197 0/0/0 8.7744 
890 483260 9 0 1371844.5077 1371971.3560 126.8483 100.1240 1.2669 331/331//331 0/0/0 22.1667 
891 1540300 9 0 1373345.5707 1373691.5560 345.9853 317.3240 1.0903 1055/1055//1055 0/0/0 13.3415 
892 27740 9 0 1374343.4863 1374354.4636 10.9774 6.5240 1.6826 19/19//19 0/0/0 4.4533 
893 29200 70 0 1374633.5612 1374643.1025 9.5413 7.6320 1.2502 20/20//20 0/0/0 1.9093 
894 26280 115 0 1375024.9845 1375054.5996 29.6151 7.0320 4.2115 18/18//18 0/0/0 22.5831 
895 23360 55 0 1375410.7057 1375417.2835 6.5778 6.4320 1.0227 16/16//16 0/0/0 0.0080 
896 1683380 9 0 1375996.8241 1376380.7561 383.9320 346.7240 1.1073 1153/1153//1153 0/0/0 20.4155 
897 159140 55 0 1376588.8128 1376644.5544 55.7415 34.3320 1.6236 109/109//109 0/0/0 20.3510 
876 22818340 70 0 1365076.4004 1377334.8253 12258.4249 4690.3320 2.6136 15629/15629//15629 0/0/0 2122.5183 
898 26280 55 0 1378248.6307 1378275.5681 26.9374 7.0320 3.8307 18/18//18 0/0/0 19.9054 
900 83220 70 0 1378869.2501 1378900.2997 31.0496 18.7320 1.6576 57/57//57 0/0/0 12.3175 
901 64240 113 0 1379003.1945 1379042.2652 39.0706 14.8320 2.6342 44/44//44 0/0/0 24.2386 
899 3810600 115 0 1378468.7753 1379337.5025 868.7272 784.6320 1.1072 2610/2610//2610 0/0/0 9.4607 
902 8760 113 0 1379431.1005 1379434.5681 3.4676 3.4320 1.0104 6/6//6 0/0/0 0.0080 
904 113880 113 0 1380367.5309 1380398.7997 31.2688 25.0320 1.2492 78/78//78 0/0/0 6.2367 
905 902280 115 0 1380434.0505 1380645.8015 211.7510 187.0320 1.1322 618/618//618 0/0/0 16.1096 
906 23360 9 0 1380907.7034 1380913.4488 5.7454 5.6240 1.0216 16/16//16 0/0/0 0.0080 
907 2410460 113 0 1380948.5401 1381475.3544 526.8143 496.9320 1.0601 1651/1651//1651 0/0/0 5.7048 
903 6187480 70 0 1379963.6022 1382056.6370 2093.0348 1273.0320 1.6441 4238/4238//4238 0/0/0 6.8339 
909 884760 113 0 1382225.5944 1382425.8899 200.2956 183.4320 1.0919 606/606//606 0/0/0 8.5542 
910 32120 55 0 1382562.9301 1382586.9229 23.9928 8.2320 2.9146 22/22//22 0/0/0 15.7608 
912 8760 55 0 1382687.0061 1382690.4937 3.4876 3.4320 1.0162 6/6//6 0/0/0 0.0080 
911 1680460 9 0 1382620.6427 1383002.3561 381.7134 346.1240 1.1028 1151/1151//1151 0/0/0 17.9126 
908 5612240 70 0 1381257.2192 1383838.8713 2581.6522 1154.8320 2.2355 3844/3844//3844 0/0/0 800.3169 
913 118260 115 0 1384001.7503 1384044.1257 42.3754 25.9320 1.6341 81/81//81 0/0/0 15.0858 
914 67160 55 0 1384921.8376 1384943.0681 21.2305 15.4320 1.3757 46/46//46 0/0/0 5.7984 
916 8760 70 0 1385778.3608 1385781.8914 3.5306 3.4320 1.0287 6/6//6 0/0/0 0.0080 
915 1259980 113 0 1385710.9529 1386000.3528 289.3999 260.5320 1.1108 863/863//863 0/0/0 14.9832 
917 3033880 115 0 1386370.7266 1387034.4252 663.6985 625.0320 1.0619 2078/2078//2078 0/0/0 8.6094 
919 921260 55 0 1387385.8504 1387587.5969 201.7465 190.9320 1.0566 631/631//631 0/0/0 2.5107 
920 74460 9 0 1387683.8574 1387705.4948 21.6373 16.1240 1.3419 51/51//51 0/0/0 5.5133 
918 3397420 55 0 1386788.1956 1387988.0025 1199.8069 699.7320 1.7147 2327/2327//2327 0/0/0 247.2404 
921 178120 70 0 1389177.1794 1389238.6258 61.4464 38.2320 1.6072 122/122//122 0/0/0 21.8567 
859 26358840 9 0 1357711.0047 1389388.1561 31677.1515 5417.0240 5.8477 18054/18054//18054 0/0/0 4595.6274 
923 33580 70 0 1389718.6898 1389751.2819 32.5920 8.5320 3.8200 23/23//23 0/0/0 24.0600 
924 77380 9 0 1389731.2133 1389768.8561 37.6428 16.7240 2.2508 53/53//53 0/0/0 20.9187 
922 2911240 55 0 1389339.0294 1390046.4369 707.4074 599.8320 1.1793 1994/1994//1994 0/0/0 50.8066 
928 8760 115 0 1391196.7358 1391200.2842 3.5484 3.4320 1.0339 6/6//6 0/0/0 0.0080 
929 35040 55 0 1391267.8679 1391297.8236 29.9557 8.8320 3.3917 24/24//24 0/0/0 21.1237 
925 7638720 70 0 1390351.9325 1392015.7830 1663.8505 1571.2320 1.0589 5232/5232//5232 0/0/0 2.7035 
931 140160 115 0 1392699.3493 1392754.2629 54.9137 30.4320 1.8045 96/96//96 0/0/0 23.4232 
932 24820 115 0 1392852.5908 1392863.4100 10.8192 6.7320 1.6071 17/17//17 0/0/0 4.0871 
927 7739460 70 0 1390705.8579 1393729.7562 3023.8983 1591.9320 1.8995 5301/5301//5301 0/0/0 1311.0781 
933 8760 113 0 1394240.4259 1394244.1296 3.7036 3.4320 1.0792 6/6//6 0/0/0 0.0080 
934 11680 115 0 1394785.8007 1394789.8488 4.0480 4.0320 1.0040 8/8//8 0/0/0 0.0080 
930 5794740 55 0 1392549.7186 1394987.3101 2437.5916 1192.3320 2.0444 3969/3969//3969 0/0/0 1181.7175 
935 74460 115 0 1395341.4843 1395360.0644 18.5801 16.9320 1.0973 51/51//51 0/0/0 1.6480 
936 10220 115 0 1396167.2120 1396170.9520 3.7400 3.7320 1.0021 7/7//7 0/0/0 0.0080 
926 8976080 115 0 1390471.6204 1396950.5304 6478.9100 1846.0320 3.5096 6148/6148//6148 0/0/0 4517.1156 
937 61320 55 0 1398450.8747 1398467.9681 17.0934 14.2320 1.2011 42/42//42 0/0/0 2.8613 
938 74460 55 0 1398475.9430 1398495.8681 19.9251 16.9320 1.1768 51/51//51 0/0/0 2.9931 
939 1286260 9 0 1398653.4084 1398934.1560 280.7476 265.1240 1.0589 881/881//881 0/0/0 2.4236 
940 1931580 113 0 1398825.6037 1399353.9973 528.3936 398.5320 1.3258 1323/1323//1323 0/0/0 110.5324 
942 45260 55 0 1399593.1519 1399606.0880 12.9361 10.9320 1.1833 31/31//31 0/0/0 2.0040 
944 33580 55 0 1399991.4895 1400019.4052 27.9157 8.5320 3.2719 23/23//23 0/0/0 19.3837 
943 1566580 113 0 1399675.9295 1400032.1681 356.2385 323.5320 1.1011 1073/1073//1073 0/0/0 7.3859 
941 4539140 55 0 1398999.1896 1400698.3468 1699.1572 934.3320 1.8186 3109/3109//3109 0/0/0 356.3464 
946 10220 113 0 1401389.5335 1401393.3999 3.8663 3.7320 1.0360 7/7//7 0/0/0 0.0080 
947 13140 113 0 1402607.3168 1402611.7627 4.4459 4.3320 1.0263 9/9//9 0/0/0 0.0080 
949 99280 115 0 1403979.7178 1404020.0517 40.3339 22.0320 1.8307 68/68//68 0/0/0 18.3019 
950 8760 113 0 1404433.3779 1404436.8989 3.5210 3.4320 1.0259 6/6//6 0/0/0 0.0080 
948 10414180 70 0 1402829.5674 1405112.2665 2282.6991 2141.5320 1.0659 7133/7133//7133 0/0/0 9.1912 
952 13140 9 0 1405472.4855 1405476.2795 3.7940 3.5240 1.0766 9/9//9 0/0/0 0.0080 
951 2302420 55 0 1405028.9628 1405613.9719 585.0091 474.7320 1.2323 1577/1577//1577 0/0/0 84.7732 
953 11680 70 0 1405815.2178 1405819.3990 4.1812 4.0320 1.0370 8/8//8 0/0/0 0.0080 
954 8760 70 0 1406624.9410 1406628.6810 3.7400 3.4320 1.0897 6/6//6 0/0/0 0.0080 
955 1227860 70 0 1406862.9522 1407145.5974 282.6452 253.9320 1.1131 841/841//841 0/0/0 16.6364 
956 138700 70 0 1407210.9975 1407253.8051 42.8077 30.1320 1.4207 95/95//95 0/0/0 11.6180 
957 252580 70 0 1408251.1096 1408318.7864 67.6768 53.5320 1.2642 173/173//173 0/0/0 12.0102 
959 48180 115 0 1408305.2977 1408331.9681 26.6703 11.5320 2.3127 33/33//33 0/0/0 15.1383 
958 58400 9 0 1408286.6953 1408345.4561 58.7607 12.8240 4.5821 40/40//40 0/0/0 45.9367 
960 62780 70 0 1408357.9920 1408387.3337 29.3417 14.5320 2.0191 43/43//43 0/0/0 14.8097 
961 8760 55 0 1408767.2941 1408770.8292 3.5350 3.4320 1.0300 6/6//6 0/0/0 0.0080 
963 8760 55 0 1409784.1365 1409787.8202 3.6837 3.4320 1.0733 6/6//6 0/0/0 0.0080 
964 54020 55 0 1409927.2419 1409967.7367 40.4947 12.7320 3.1805 37/37//37 0/0/0 27.7627 
945 27994040 115 0 1400916.5689 1410163.6662 9247.0973 5753.8320 1.6071 19174/19174//19174 0/0/0 3.1671 
965 8760 70 0 1410327.4133 1410330.9173 3.5040 3.4320 1.0210 6/6//6 0/0/0 0.0080 
967 350400 9 0 1410422.6862 1410518.3745 95.6884 72.8240 1.3140 240/240//240 0/0/0 20.7074 
966 602980 113 0 1410390.3397 1410637.1988 246.8590 125.5320 1.9665 413/413//413 0/0/0 28.0914 
968 8760 113 0 1410664.0989 1410667.8389 3.7400 3.4320 1.0897 6/6//6 0/0/0 0.0080 
969 73000 9 0 1410839.7343 1410857.7287 17.9944 15.8240 1.1372 50/50//50 0/0/0 2.1704 
971 8760 113 0 1411188.4377 1411192.1282 3.6905 3.4320 1.0753 6/6//6 0/0/0 0.0080 
970 797160 55 0 1411053.2970 1411235.4859 182.1889 165.4320 1.1013 546/546//546 0/0/0 7.7028 
973 17520 115 0 1412540.6287 1412546.0000 5.3713 5.2320 1.0266 12/12//12 0/0/0 0.1393 
962 9333780 115 0 1408862.7874 1412604.3393 3741.5519 1919.5320 1.9492 6393/6393//6393 0/0/0 1301.7486 
974 8760 70 0 1412954.5760 1412958.2155 3.6395 3.4320 1.0605 6/6//6 0/0/0 0.2075 
972 3374060 70 0 1412055.5757 1413339.6644 1284.0887 694.9320 1.8478 2311/2311//2311 0/0/0 549.7603 
975 8760 70 0 1414063.5659 1414067.0060 3.4400 3.4320 1.0023 6/6//6 0/0/0 0.0080 
977 8760 113 0 1414205.5488 1414209.1330 3.5841 3.4320 1.0443 6/6//6 0/0/0 0.0080 
978 23360 9 0 1414286.9616 1414292.6076 5.6460 5.6240 1.0039 16/16//16 0/0/0 0.0080 
981 8760 115 0 1415159.6192 1415163.1533 3.5341 3.4320 1.0298 6/6//6 0/0/0 0.0080 
979 4670540 113 0 1414297.2926 1415331.8074 1034.5148 961.3320 1.0761 3199/3199//3199 0/0/0 24.4094 
983 20440 70 0 1415595.1998 1415601.0528 5.8530 5.8320 1.0036 14/14//14 0/0/0 0.0080 
980 1448320 113 0 1415121.7893 1415651.4769 529.6875 299.2320 1.7702 992/992//992 0/0/0 211.4467 
984 77380 70 0 1415618.5722 1415670.2681 51.6959 17.5320 2.9487 53/53//53 0/0/0 34.1639 
985 16060 113 0 1415833.5380 1415838.6221 5.0841 4.9320 1.0308 11/11//11 0/0/0 0.1521 
982 3140460 113 0 1415206.8626 1416358.5092 1151.6467 646.9320 1.7802 2151/2151//2151 0/0/0 464.7735 
987 59860 115 0 1417113.0281 1417130.3168 17.2887 13.9320 1.2409 41/41//41 0/0/0 3.3566 
989 8760 9 0 1418234.1737 1418236.8817 2.7080 2.6240 1.0320 6/6//6 0/0/0 0.0080 
990 21900 9 0 1418411.4403 1418416.7991 5.3587 5.3240 1.0065 15/15//15 0/0/0 0.0080 
986 9447660 70 0 1416286.1710 1418420.8031 2134.6321 1942.9320 1.0987 6471/6471//6471 0/0/0 73.9651 
991 49640 115 0 1418487.8131 1418503.0491 15.2360 11.8320 1.2877 34/34//34 0/0/0 2.0463 
992 23360 113 0 1419212.9419 1419219.4910 6.5491 6.4320 1.0182 16/16//16 0/0/0 0.0080 
993 17520 70 0 1419355.1354 1419360.3873 5.2519 5.2320 1.0038 12/12//12 0/0/0 0.0080 
988 4723100 115 0 1417551.2057 1419463.3180 1912.1124 972.1320 1.9669 3235/3235//3235 0/0/0 870.8304 
994 800080 55 0 1419729.5579 1419906.2430 176.6851 166.0320 1.0642 548/548//548 0/0/0 2.0550 
995 14600 113 0 1420613.3936 1420618.3336 4.9400 4.6320 1.0665 10/10//10 0/0/0 0.0080 
996 8760 70 0 1420834.9895 1420838.6236 3.6342 3.4320 1.0589 6/6//6 0/0/0 0.0080 
998 8760 115 0 1421842.7693 1421846.3226 3.5534 3.4320 1.0354 6/6//6 0/0/0 0.1214 
997 2755020 115 0 1421588.5658 1422201.9308 613.3650 567.7320 1.0804 1887/1887//1887 0/0/0 12.2977 
1000 1788500 113 0 1422436.7992 1422842.3452 405.5460 369.1320 1.0986 1225/1225//1225 0/0/0 18.1369 
1002 29200 70 0 1423362.0289 1423380.5681 18.5392 7.6320 2.4291 20/20//20 0/0/0 10.9072 
999 4197500 9 0 1422160.2233 1423505.6561 1345.4328 863.3240 1.5584 2875/2875//2875 0/0/0 42.3088 
1001 1826460 9 0 1423319.3822 1423900.7561 581.3739 376.1240 1.5457 1251/1251//1251 0/0/0 187.2498 
1003 134320 9 0 1423935.7164 1423981.7561 46.0397 28.4240 1.6197 92/92//92 0/0/0 16.4382 
1005 8760 55 0 1425823.2808 1425826.8360 3.5552 3.4320 1.0359 6/6//6 0/0/0 0.1232 
1004 4378540 55 0 1424976.9383 1425931.5555 954.6172 901.3320 1.0591 2999/2999//2999 0/0/0 2.0239 
1006 3308360 70 0 1426434.3993 1427176.9958 742.5965 681.4320 1.0898 2266/2266//2266 0/0/0 27.3496 
1007 39420 9 0 1427387.4204 1427413.6767 26.2563 8.9240 2.9422 27/27//27 0/0/0 17.3323 
1008 8760 70 0 1427797.0943 1427800.7292 3.6349 3.4320 1.0591 6/6//6 0/0/0 0.0080 
1009 185420 115 0 1428173.1435 1428239.8977 66.7541 39.7320 1.6801 127/127//127 0/0/0 25.6644 
1010 487640 113 0 1428256.5802 1428373.0644 116.4843 101.8320 1.1439 334/334//334 0/0/0 9.8215 
1011 8760 113 0 1428800.0444 1428803.5109 3.4665 3.4320 1.0101 6/6//6 0/0/0 0.0080 
1012 8760 115 0 1428857.6204 1428861.2567 3.6363 3.4320 1.0595 6/6//6 0/0/0 0.0080 
1013 148920 115 0 1428900.1532 1428939.7369 39.5837 32.2320 1.2281 102/102//102 0/0/0 5.9940 
1014 8760 70 0 1429069.5399 1429073.2604 3.7206 3.4320 1.0841 6/6//6 0/0/0 0.0080 
976 25160180 55 0 1414161.0561 1429126.9741 14965.9180 5171.5320 2.8939 17233/17233//17233 0/0/0 3.0799 
1015 1141720 113 0 1429610.0627 1429859.8800 249.8173 236.2320 1.0575 782/782//782 0/0/0 2.5734 
1016 74460 113 0 1430045.1002 1430065.1681 20.0679 16.9320 1.1852 51/51//51 0/0/0 3.1359 
1017 137240 55 0 1430285.0169 1430318.8249 33.8080 29.8320 1.1333 94/94//94 0/0/0 2.6191 
1019 8760 70 0 1430778.4729 1430782.1898 3.7169 3.4320 1.0830 6/6//6 0/0/0 0.0080 
1018 1389920 55 0 1430710.1236 1431015.8017 305.6781 287.2320 1.0642 952/952//952 0/0/0 3.2124 
1020 2046920 113 0 1431506.8744 1431952.7486 445.8741 422.2320 1.0560 1402/1402//1402 0/0/0 2.9616 
1021 1462920 70 0 1431780.2041 1432271.1506 490.9465 302.2320 1.6244 1002/1002//1002 0/0/0 174.2320 
1022 721240 9 0 1432444.1435 1432602.5561 158.4126 149.0240 1.0630 494/494//494 0/0/0 2.1886 
1023 1403060 70 0 1432701.5416 1433008.5506 307.0090 289.9320 1.0589 961/961//961 0/0/0 2.5945 
1024 670140 115 0 1433175.5208 1433323.9525 148.4317 139.3320 1.0653 459/459//459 0/0/0 2.9153 
1025 58400 70 0 1433415.9682 1433432.3681 16.3999 13.6320 1.2030 40/40//40 0/0/0 2.7678 
1026 8760 55 0 1435072.1278 1435075.5678 3.4400 3.4320 1.0023 6/6//6 0/0/0 0.0080 
1028 153300 113 0 1435733.5129 1435779.8033 46.2904 33.1320 1.3972 105/105//105 0/0/0 11.8007 
1029 35040 70 0 1436000.9728 1436017.0887 16.1159 8.8320 1.8247 24/24//24 0/0/0 7.2839 
1030 8760 55 0 1436183.2620 1436186.7173 3.4554 3.4320 1.0068 6/6//6 0/0/0 0.0080 
1031 54020 113 0 1436988.2753 1437015.4030 27.1277 12.7320 2.1307 37/37//37 0/0/0 14.3956 
1033 36500 70 0 1437091.1595 1437102.4474 11.2879 9.1320 1.2361 25/25//25 0/0/0 2.1559 
1032 118260 70 0 1437067.6238 1437128.6681 61.0443 25.9320 2.3540 81/81//81 0/0/0 25.0915 
1034 8760 9 0 1437180.2054 1437183.1374 2.9320 2.6240 1.1174 6/6//6 0/0/0 0.0080 
1036 70080 113 0 1438551.9187 1438584.8323 32.9136 16.0320 2.0530 48/48//48 0/0/0 16.8816 
1037 148920 115 0 1438963.9178 1438998.9909 35.0730 32.2320 1.0881 102/102//102 0/0/0 1.7833 
1027 18492360 115 0 1435490.2103 1439639.1347 4148.9244 3801.4320 1.0914 12666/12666//12666 0/0/0 3.0258 
1040 629260 70 0 1439683.3930 1439827.9605 144.5674 130.9320 1.1041 431/431//431 0/0/0 7.4430 
1038 1785580 9 0 1439362.2377 1440164.3561 802.1184 367.7240 2.1813 1223/1223//1223 0/0/0 277.7943 
1039 4368320 113 0 1439395.5320 1441109.7725 1714.2405 899.2320 1.9063 2992/2992//2992 0/0/0 770.5041 
1041 1392840 113 0 1441130.6988 1441434.9586 304.2598 287.8320 1.0571 954/954//954 0/0/0 1.9453 
1044 26280 70 0 1442086.5015 1442098.3804 11.8789 7.0320 1.6893 18/18//18 0/0/0 4.8469 
1045 8760 113 0 1442372.0506 1442375.7529 3.7023 3.4320 1.0787 6/6//6 0/0/0 0.2702 
1046 37960 55 0 1442595.0129 1442614.6128 19.5999 9.4320 2.0780 26/26//26 0/0/0 10.1678 
1035 6520360 113 0 1438379.7102 1442845.2383 4465.5281 1341.4320 3.3289 4466/4466//4466 0/0/0 2731.3258 
1048 74460 115 0 1443008.2294 1443028.3854 20.1560 16.9320 1.1904 51/51//51 0/0/0 1.8655 
1049 18980 9 0 1443323.8980 1443328.9153 5.0174 4.7240 1.0621 13/13//13 0/0/0 0.0080 
1047 2261540 115 0 1442794.9081 1443357.6778 562.7697 466.3320 1.2068 1549/1549//1549 0/0/0 51.3280 
1050 73000 55 0 1443969.1895 1444005.9187 36.7292 16.6320 2.2083 50/50//50 0/0/0 20.0972 
1051 122640 9 0 1444297.6466 1444336.4560 38.8095 26.0240 1.4913 84/84//84 0/0/0 11.6855 
1042 6263400 113 0 1441688.7164 1444758.4021 3069.6857 1288.6320 2.3821 4290/4290//4290 0/0/0 1670.5197 
1053 14600 113 0 1445027.9917 1445032.8529 4.8611 4.6320 1.0495 10/10//10 0/0/0 0.0080 
1052 1966620 70 0 1444660.2475 1445187.3989 527.1514 405.7320 1.2993 1347/1347//1347 0/0/0 99.3886 
1054 58400 113 0 1446178.1990 1446210.5681 32.3690 13.6320 2.3745 40/40//40 0/0/0 18.7370 
1055 8760 115 0 1447032.6611 1447036.2681 3.6070 3.4320 1.0510 6/6//6 0/0/0 0.0080 
1043 9564460 9 0 1441820.8031 1447268.9561 5448.1530 1966.1240 2.7710 6551/6551//6551 0/0/0 3367.7289 
1056 45260 55 0 1448390.9604 1448404.7681 13.8077 10.9320 1.2631 31/31//31 0/0/0 2.8757 
1058 70080 70 0 1449029.2922 1449065.1043 35.8122 16.0320 2.2338 48/48//48 0/0/0 19.7801 
1057 4073400 55 0 1448945.7278 1449844.9959 899.2682 838.6320 1.0723 2790/2790//2790 0/0/0 2.5083 
1060 8760 70 0 1449930.0866 1449933.7467 3.6601 3.4320 1.0665 6/6//6 0/0/0 0.2281 
1061 8760 70 0 1450142.8176 1450146.5017 3.6842 3.4320 1.0735 6/6//6 0/0/0 0.2522 
1059 2023560 70 0 1449401.2501 1450293.5350 892.2849 417.4320 2.1376 1386/1386//1386 0/0/0 445.1859 
1062 55480 55 0 1451469.5341 1451485.7681 16.2340 13.0320 1.2457 38/38//38 0/0/0 3.2020 
1063 46720 70 0 1451665.0243 1451679.2681 14.2438 11.2320 1.2681 32/32//32 0/0/0 3.0118 
1064 8760 55 0 1451741.2271 1451744.6671 3.4400 3.4320 1.0023 6/6//6 0/0/0 0.0080 
1065 162060 70 0 1451782.5921 1451822.2249 39.6329 34.9320 1.1346 111/111//111 0/0/0 3.3440 
1067 125560 113 0 1452124.5864 1452165.6464 41.0600 27.4320 1.4968 86/86//86 0/0/0 12.5703 
1066 1220560 115 0 1451907.2086 1452204.4250 297.2164 252.4320 1.1774 836/836//836 0/0/0 2.9275 
1068 24820 55 0 1452838.4265 1452848.3681 9.9415 6.7320 1.4768 17/17//17 0/0/0 3.2095 
1069 8760 70 0 1453076.5091 1453079.9491 3.4400 3.4320 1.0023 6/6//6 0/0/0 0.0080 
1073 70080 70 0 1453796.4944 1453836.2465 39.7521 16.0320 2.4795 48/48//48 0/0/0 23.7201 
1070 1943260 55 0 1453489.5082 1453930.6435 441.1353 400.9320 1.1003 1331/1331//1331 0/0/0 2.8278 
1071 2432360 113 0 1453498.7599 1454457.1216 958.3617 501.4320 1.9112 1666/1666//1666 0/0/0 432.7762 
1074 77380 9 0 1454501.9171 1454520.8561 18.9390 16.7240 1.1324 53/53//53 0/0/0 1.0230 
1072 5580120 9 0 1453706.5627 1455679.7561 1973.1934 1147.4240 1.7197 3822/3822//3822 0/0/0 751.0693 
1075 17520 70 0 1455712.2136 1455717.4536 5.2400 5.2320 1.0015 12/12//12 0/0/0 0.0080 
1076 18980 115 0 1456146.1231 1456151.6632 5.5400 5.5320 1.0014 13/13//13 0/0/0 0.0080 
1077 