38 10220 115 0 1000000
26 10220 127 0 1000000
27 10220 122 0 1000000
28 10220 20 0 1000000
29 10220 55 0 1000000
30 10220 121 0 1000000
31 10220 119 0 1000000
32 10220 54 0 1000000
33 10220 118 0 1000000
34 10220 117 0 1000000
35 10220 10 0 1000000
36 10220 19 0 1000000
37 10220 52 0 1000000
25 10220 60 0 1000000
39 10220 113 0 1000000
40 10220 50 0 1000000
41 10220 109 0 1000000
42 10220 107 0 1000000
43 10220 18 0 1000000
44 10220 45 0 1000000
45 10220 106 0 1000000
46 10220 105 0 1000000
47 10220 43 0 1000000
48 10220 104 0 1000000
49 10220 90 0 1000000
13 10220 69 0 1000000
1 10220 9 0 1000000
2 10220 14 0 1000000
3 10220 41 0 1000000
4 10220 88 0 1000000
5 10220 141 0 1000000
6 10220 87 0 1000000
7 10220 39 0 1000000
8 10220 79 0 1000000
9 10220 77 0 1000000
10 10220 12 0 1000000
11 10220 29 0 1000000
12 10220 70 0 1000000
0 10220 1 0 1000000
14 10220 26 0 1000000
15 10220 67 0 1000000
16 10220 66 0 1000000
17 10220 139 0 1000000
18 10220 136 0 1000000
19 10220 8 0 1000000
20 10220 11 0 1000000
21 10220 22 0 1000000
22 10220 62 0 1000000
23 10220 134 0 1000000
24 10220 131 0 1000000
2018-11-23.00:09:42 Simulator ended. Execution time: 0 seconds
